1.000000e+14	6.888516e-02	0.000000e+00	2.928916e-10	0.000000e+00	0.000000e+00	
1.016265e+14	6.888516e-02	0.000000e+00	3.238164e-10	0.000000e+00	0.000000e+00	
1.032795e+14	6.888516e-02	0.000000e+00	3.573370e-10	0.000000e+00	0.000000e+00	
1.049593e+14	6.888516e-02	0.000000e+00	3.936175e-10	0.000000e+00	0.000000e+00	
1.066665e+14	6.888516e-02	0.000000e+00	4.328291e-10	0.000000e+00	0.000000e+00	
1.084014e+14	6.888516e-02	0.000000e+00	4.751504e-10	0.000000e+00	0.000000e+00	
1.101646e+14	6.888516e-02	0.000000e+00	5.207675e-10	0.000000e+00	0.000000e+00	
1.119564e+14	6.888516e-02	0.000000e+00	5.698745e-10	0.000000e+00	0.000000e+00	
1.137774e+14	6.888516e-02	0.000000e+00	6.226730e-10	0.000000e+00	0.000000e+00	
1.156280e+14	6.888516e-02	0.000000e+00	6.793729e-10	0.000000e+00	0.000000e+00	
1.175087e+14	6.888516e-02	0.000000e+00	7.401922e-10	0.000000e+00	0.000000e+00	
1.194200e+14	6.888516e-02	0.000000e+00	8.053572e-10	0.000000e+00	0.000000e+00	
1.213624e+14	6.888516e-02	0.000000e+00	8.751026e-10	0.000000e+00	0.000000e+00	
1.233363e+14	6.888516e-02	0.000000e+00	9.496719e-10	0.000000e+00	0.000000e+00	
1.253424e+14	6.888516e-02	0.000000e+00	1.029317e-09	0.000000e+00	0.000000e+00	
1.273811e+14	6.888516e-02	0.000000e+00	1.114299e-09	0.000000e+00	0.000000e+00	
1.294530e+14	6.888516e-02	0.000000e+00	1.204887e-09	0.000000e+00	0.000000e+00	
1.315586e+14	6.888516e-02	0.000000e+00	1.301361e-09	0.000000e+00	0.000000e+00	
1.336984e+14	6.888516e-02	0.000000e+00	1.404007e-09	0.000000e+00	0.000000e+00	
1.358730e+14	6.888516e-02	0.000000e+00	1.513100e-09	0.000000e+00	0.000000e+00	
1.380830e+14	6.888516e-02	0.000000e+00	1.628995e-09	0.000000e+00	0.000000e+00	
1.403289e+14	6.888516e-02	0.000000e+00	1.751983e-09	0.000000e+00	0.000000e+00	
1.426114e+14	6.888516e-02	0.000000e+00	1.882390e-09	0.000000e+00	0.000000e+00	
1.449310e+14	6.888516e-02	0.000000e+00	2.020550e-09	0.000000e+00	0.000000e+00	
1.472883e+14	6.888516e-02	0.000000e+00	2.166810e-09	0.000000e+00	0.000000e+00	
1.496839e+14	6.888516e-02	0.000000e+00	2.321524e-09	0.000000e+00	0.000000e+00	
1.521186e+14	6.888516e-02	0.000000e+00	2.485058e-09	0.000000e+00	0.000000e+00	
1.545928e+14	6.888516e-02	0.000000e+00	2.657788e-09	0.000000e+00	0.000000e+00	
1.571072e+14	6.888516e-02	0.000000e+00	2.840100e-09	0.000000e+00	0.000000e+00	
1.596626e+14	6.888516e-02	0.000000e+00	3.032391e-09	0.000000e+00	0.000000e+00	
1.622595e+14	6.888516e-02	0.000000e+00	3.235070e-09	0.000000e+00	0.000000e+00	
1.648987e+14	6.888516e-02	0.000000e+00	3.448558e-09	0.000000e+00	0.000000e+00	
1.675808e+14	6.888516e-02	0.000000e+00	3.673285e-09	0.000000e+00	0.000000e+00	
1.703065e+14	6.888516e-02	0.000000e+00	3.909696e-09	0.000000e+00	0.000000e+00	
1.730766e+14	6.888516e-02	0.000000e+00	4.158247e-09	0.000000e+00	0.000000e+00	
1.758917e+14	6.888516e-02	0.000000e+00	4.419408e-09	0.000000e+00	0.000000e+00	
1.787526e+14	6.888516e-02	0.000000e+00	4.693662e-09	0.000000e+00	0.000000e+00	
1.816600e+14	6.888516e-02	0.000000e+00	4.981506e-09	0.000000e+00	0.000000e+00	
1.846147e+14	6.888516e-02	0.000000e+00	5.283453e-09	0.000000e+00	0.000000e+00	
1.876175e+14	6.888516e-02	0.000000e+00	5.600029e-09	0.000000e+00	0.000000e+00	
1.906691e+14	6.888516e-02	0.000000e+00	5.931779e-09	0.000000e+00	0.000000e+00	
1.937703e+14	6.888516e-02	0.000000e+00	6.279261e-09	0.000000e+00	0.000000e+00	
1.969220e+14	6.888516e-02	0.000000e+00	6.643054e-09	0.000000e+00	0.000000e+00	
2.001250e+14	6.888516e-02	0.000000e+00	7.023752e-09	0.000000e+00	0.000000e+00	
2.033800e+14	6.888516e-02	0.000000e+00	7.421972e-09	0.000000e+00	0.000000e+00	
2.066880e+14	6.888516e-02	0.000000e+00	7.838347e-09	0.000000e+00	0.000000e+00	
2.100498e+14	6.888516e-02	0.000000e+00	8.273532e-09	0.000000e+00	0.000000e+00	
2.134663e+14	6.888516e-02	0.000000e+00	8.728206e-09	0.000000e+00	0.000000e+00	
2.169384e+14	6.888516e-02	0.000000e+00	9.203066e-09	0.000000e+00	0.000000e+00	
2.204669e+14	6.888516e-02	0.000000e+00	9.698839e-09	0.000000e+00	0.000000e+00	
2.240528e+14	6.888516e-02	0.000000e+00	1.021627e-08	0.000000e+00	0.000000e+00	
2.276970e+14	6.888516e-02	0.000000e+00	1.075613e-08	0.000000e+00	0.000000e+00	
2.314005e+14	6.888516e-02	0.000000e+00	1.131923e-08	0.000000e+00	0.000000e+00	
2.351643e+14	6.888516e-02	0.000000e+00	1.190640e-08	0.000000e+00	0.000000e+00	
2.389893e+14	6.888516e-02	0.000000e+00	1.251848e-08	0.000000e+00	0.000000e+00	
2.428764e+14	6.888516e-02	0.000000e+00	1.315637e-08	0.000000e+00	0.000000e+00	
2.468268e+14	6.888516e-02	0.000000e+00	1.382099e-08	0.000000e+00	0.000000e+00	
2.508415e+14	6.888516e-02	0.000000e+00	1.451329e-08	0.000000e+00	0.000000e+00	
2.549215e+14	6.888516e-02	0.000000e+00	1.523426e-08	0.000000e+00	0.000000e+00	
2.590678e+14	6.888516e-02	0.000000e+00	1.598491e-08	0.000000e+00	0.000000e+00	
2.632815e+14	6.888516e-02	0.000000e+00	1.676631e-08	0.000000e+00	0.000000e+00	
2.675638e+14	6.888516e-02	0.000000e+00	1.757954e-08	0.000000e+00	0.000000e+00	
2.719158e+14	6.888516e-02	0.000000e+00	1.842575e-08	0.000000e+00	0.000000e+00	
2.763385e+14	6.888516e-02	0.000000e+00	1.930609e-08	0.000000e+00	0.000000e+00	
2.808332e+14	6.888516e-02	0.000000e+00	2.022179e-08	0.000000e+00	0.000000e+00	
2.854010e+14	6.888516e-02	0.000000e+00	2.117410e-08	0.000000e+00	0.000000e+00	
2.900430e+14	6.888516e-02	0.000000e+00	2.216431e-08	0.000000e+00	0.000000e+00	
2.947606e+14	6.888516e-02	0.000000e+00	2.319377e-08	0.000000e+00	0.000000e+00	
2.995549e+14	6.888516e-02	0.000000e+00	2.426386e-08	0.000000e+00	0.000000e+00	
3.044272e+14	6.888516e-02	0.000000e+00	2.537602e-08	0.000000e+00	0.000000e+00	
3.093788e+14	6.888516e-02	0.000000e+00	2.653171e-08	0.000000e+00	0.000000e+00	
3.144108e+14	6.888516e-02	0.000000e+00	2.773247e-08	0.000000e+00	0.000000e+00	
3.195248e+14	6.888516e-02	0.000000e+00	2.897986e-08	0.000000e+00	0.000000e+00	
3.247218e+14	6.888516e-02	0.000000e+00	3.027551e-08	0.000000e+00	0.000000e+00	
3.300035e+14	6.888516e-02	0.000000e+00	3.162109e-08	0.000000e+00	0.000000e+00	
3.353710e+14	6.888516e-02	0.000000e+00	3.301831e-08	0.000000e+00	0.000000e+00	
3.408259e+14	6.888516e-02	0.000000e+00	3.446895e-08	0.000000e+00	0.000000e+00	
3.463694e+14	6.888516e-02	0.000000e+00	3.597483e-08	0.000000e+00	0.000000e+00	
3.520031e+14	6.888516e-02	0.000000e+00	3.754000e-08	0.000000e+00	0.000000e+00	
3.577285e+14	6.888516e-02	0.000000e+00	3.916215e-08	0.000000e+00	0.000000e+00	
3.635470e+14	6.888516e-02	0.000000e+00	4.084529e-08	0.000000e+00	0.000000e+00	
3.694601e+14	6.888516e-02	0.000000e+00	4.259148e-08	0.000000e+00	0.000000e+00	
3.754694e+14	6.888516e-02	0.000000e+00	4.440278e-08	0.000000e+00	0.000000e+00	
3.815765e+14	6.888516e-02	0.000000e+00	4.628132e-08	0.000000e+00	0.000000e+00	
3.877828e+14	6.888516e-02	0.000000e+00	4.822927e-08	0.000000e+00	0.000000e+00	
3.940902e+14	6.888516e-02	0.000000e+00	5.024887e-08	0.000000e+00	0.000000e+00	
4.005001e+14	6.888516e-02	0.000000e+00	5.234243e-08	0.000000e+00	0.000000e+00	
4.070142e+14	6.888516e-02	0.000000e+00	5.451227e-08	0.000000e+00	0.000000e+00	
4.136344e+14	6.888516e-02	0.000000e+00	5.676078e-08	0.000000e+00	0.000000e+00	
4.203622e+14	6.888516e-02	0.000000e+00	5.909039e-08	0.000000e+00	0.000000e+00	
4.271994e+14	6.888516e-02	0.000000e+00	6.150360e-08	0.000000e+00	0.000000e+00	
4.341478e+14	6.888516e-02	0.000000e+00	6.400295e-08	0.000000e+00	0.000000e+00	
4.412093e+14	6.888516e-02	0.000000e+00	6.659102e-08	0.000000e+00	0.000000e+00	
4.483856e+14	6.888516e-02	0.000000e+00	6.927045e-08	0.000000e+00	0.000000e+00	
4.556786e+14	6.888516e-02	0.000000e+00	7.204394e-08	0.000000e+00	0.000000e+00	
4.630903e+14	6.888516e-02	0.000000e+00	7.491425e-08	0.000000e+00	0.000000e+00	
4.706225e+14	6.888516e-02	0.000000e+00	7.788417e-08	0.000000e+00	0.000000e+00	
4.782772e+14	6.888516e-02	0.000000e+00	8.095652e-08	0.000000e+00	0.000000e+00	
4.860564e+14	6.888516e-02	0.000000e+00	8.413420e-08	0.000000e+00	0.000000e+00	
4.939622e+14	6.888516e-02	0.000000e+00	8.742015e-08	0.000000e+00	0.000000e+00	
5.019965e+14	6.888516e-02	0.000000e+00	9.081735e-08	0.000000e+00	0.000000e+00	
5.101615e+14	6.888516e-02	0.000000e+00	9.432883e-08	0.000000e+00	0.000000e+00	
5.184594e+14	6.888516e-02	0.000000e+00	9.795766e-08	0.000000e+00	0.000000e+00	
5.268921e+14	6.888516e-02	0.000000e+00	1.017070e-07	0.000000e+00	0.000000e+00	
5.354621e+14	6.888516e-02	0.000000e+00	1.055800e-07	0.000000e+00	0.000000e+00	
5.441714e+14	6.888516e-02	0.000000e+00	1.095799e-07	0.000000e+00	0.000000e+00	
5.530224e+14	6.888516e-02	0.000000e+00	1.137100e-07	0.000000e+00	0.000000e+00	
5.620174e+14	6.888516e-02	0.000000e+00	1.179738e-07	0.000000e+00	0.000000e+00	
5.711586e+14	6.888516e-02	0.000000e+00	1.223740e-07	0.000000e+00	0.000000e+00	
5.804486e+14	6.888516e-02	0.000000e+00	1.269146e-07	0.000000e+00	0.000000e+00	
5.898896e+14	6.888516e-02	0.000000e+00	1.315987e-07	0.000000e+00	0.000000e+00	
5.994843e+14	6.888516e-02	0.000000e+00	1.364299e-07	0.000000e+00	0.000000e+00	
6.092349e+14	6.888516e-02	0.000000e+00	1.414121e-07	0.000000e+00	0.000000e+00	
6.191442e+14	6.888516e-02	0.000000e+00	1.465481e-07	0.000000e+00	0.000000e+00	
6.292146e+14	6.888516e-02	0.000000e+00	1.518420e-07	0.000000e+00	0.000000e+00	
6.394488e+14	6.888516e-02	0.000000e+00	1.572971e-07	0.000000e+00	0.000000e+00	
6.498495e+14	6.888516e-02	0.000000e+00	1.629179e-07	0.000000e+00	0.000000e+00	
6.604194e+14	6.888516e-02	0.000000e+00	1.687066e-07	0.000000e+00	0.000000e+00	
6.711612e+14	6.888516e-02	0.000000e+00	1.746682e-07	0.000000e+00	0.000000e+00	
6.820777e+14	6.888516e-02	0.000000e+00	1.808055e-07	0.000000e+00	0.000000e+00	
6.931717e+14	6.888516e-02	0.000000e+00	1.871240e-07	0.000000e+00	0.000000e+00	
7.044462e+14	6.888516e-02	0.000000e+00	1.936251e-07	0.000000e+00	0.000000e+00	
7.159041e+14	6.888516e-02	0.000000e+00	2.003138e-07	0.000000e+00	0.000000e+00	
7.275484e+14	6.888516e-02	0.000000e+00	2.071945e-07	0.000000e+00	0.000000e+00	
7.393820e+14	6.888516e-02	0.000000e+00	2.142700e-07	0.000000e+00	0.000000e+00	
7.514081e+14	6.888516e-02	0.000000e+00	2.215463e-07	0.000000e+00	0.000000e+00	
7.636298e+14	6.888516e-02	0.000000e+00	2.290242e-07	0.000000e+00	0.000000e+00	
7.760503e+14	6.888516e-02	0.000000e+00	2.367098e-07	0.000000e+00	0.000000e+00	
7.886729e+14	6.888516e-02	0.000000e+00	2.446058e-07	0.000000e+00	0.000000e+00	
8.015007e+14	6.888516e-02	0.000000e+00	2.527189e-07	0.000000e+00	0.000000e+00	
8.145372e+14	6.888516e-02	0.000000e+00	2.610488e-07	0.000000e+00	0.000000e+00	
8.277857e+14	6.888516e-02	0.000000e+00	2.696028e-07	0.000000e+00	0.000000e+00	
8.412497e+14	6.888516e-02	0.000000e+00	2.783827e-07	0.000000e+00	0.000000e+00	
8.549327e+14	6.888516e-02	0.000000e+00	2.873936e-07	0.000000e+00	0.000000e+00	
8.688383e+14	6.888516e-02	0.000000e+00	2.966419e-07	0.000000e+00	0.000000e+00	
8.829700e+14	6.888516e-02	0.000000e+00	3.061266e-07	0.000000e+00	0.000000e+00	
8.973316e+14	6.888516e-02	0.000000e+00	3.158553e-07	0.000000e+00	0.000000e+00	
9.119268e+14	6.888516e-02	0.000000e+00	3.258298e-07	0.000000e+00	0.000000e+00	
9.267593e+14	6.888516e-02	0.000000e+00	3.360585e-07	0.000000e+00	0.000000e+00	
9.418332e+14	6.888516e-02	0.000000e+00	3.465387e-07	0.000000e+00	0.000000e+00	
9.571522e+14	6.888516e-02	0.000000e+00	3.572794e-07	0.000000e+00	0.000000e+00	
9.727203e+14	6.888516e-02	0.000000e+00	3.682813e-07	0.000000e+00	0.000000e+00	
9.885417e+14	6.888516e-02	0.000000e+00	3.795539e-07	0.000000e+00	0.000000e+00	
1.004620e+15	6.888516e-02	0.000000e+00	3.910928e-07	0.000000e+00	0.000000e+00	
1.020961e+15	6.888516e-02	0.000000e+00	4.029063e-07	0.000000e+00	0.000000e+00	
1.037567e+15	6.888516e-02	0.000000e+00	4.149994e-07	0.000000e+00	0.000000e+00	
1.054443e+15	6.888516e-02	0.000000e+00	4.273732e-07	0.000000e+00	0.000000e+00	
1.071593e+15	6.888516e-02	0.000000e+00	4.400375e-07	0.000000e+00	0.000000e+00	
1.089023e+15	6.888516e-02	0.000000e+00	4.529864e-07	0.000000e+00	0.000000e+00	
1.106736e+15	6.888516e-02	0.000000e+00	4.662308e-07	0.000000e+00	0.000000e+00	
1.124737e+15	6.888516e-02	0.000000e+00	4.797696e-07	0.000000e+00	0.000000e+00	
1.143031e+15	6.888516e-02	0.000000e+00	4.936146e-07	0.000000e+00	0.000000e+00	
1.161623e+15	6.888516e-02	0.000000e+00	5.077570e-07	0.000000e+00	0.000000e+00	
1.180517e+15	6.888516e-02	0.000000e+00	5.222068e-07	0.000000e+00	0.000000e+00	
1.199718e+15	6.888516e-02	0.000000e+00	5.369691e-07	0.000000e+00	0.000000e+00	
1.219231e+15	6.888516e-02	0.000000e+00	5.520430e-07	0.000000e+00	0.000000e+00	
1.239062e+15	6.888516e-02	0.000000e+00	5.674405e-07	0.000000e+00	0.000000e+00	
1.259216e+15	6.888516e-02	0.000000e+00	5.831474e-07	0.000000e+00	0.000000e+00	
1.279697e+15	6.888516e-02	0.000000e+00	5.991871e-07	0.000000e+00	0.000000e+00	
1.300511e+15	6.888516e-02	0.000000e+00	6.155459e-07	0.000000e+00	0.000000e+00	
1.321664e+15	6.888516e-02	0.000000e+00	6.322333e-07	0.000000e+00	0.000000e+00	
1.343161e+15	6.888516e-02	0.000000e+00	6.492519e-07	0.000000e+00	0.000000e+00	
1.365008e+15	6.888516e-02	0.000000e+00	6.666221e-07	0.000000e+00	0.000000e+00	
1.387210e+15	6.888516e-02	0.000000e+00	6.843092e-07	0.000000e+00	0.000000e+00	
1.409773e+15	6.888516e-02	0.000000e+00	7.023349e-07	0.000000e+00	0.000000e+00	
1.432703e+15	6.888516e-02	0.000000e+00	7.207012e-07	0.000000e+00	0.000000e+00	
1.456006e+15	6.888516e-02	0.000000e+00	7.394099e-07	0.000000e+00	0.000000e+00	
1.479688e+15	6.888516e-02	0.000000e+00	7.584692e-07	0.000000e+00	0.000000e+00	
1.503755e+15	6.888516e-02	0.000000e+00	7.778675e-07	0.000000e+00	0.000000e+00	
1.528214e+15	6.888516e-02	0.000000e+00	7.976136e-07	0.000000e+00	0.000000e+00	
1.553071e+15	6.888516e-02	0.000000e+00	8.177087e-07	0.000000e+00	0.000000e+00	
1.578331e+15	6.888516e-02	0.000000e+00	8.381770e-07	0.000000e+00	0.000000e+00	
1.604003e+15	6.888516e-02	0.000000e+00	8.589719e-07	0.000000e+00	0.000000e+00	
1.630092e+15	6.888516e-02	0.000000e+00	8.801193e-07	0.000000e+00	0.000000e+00	
1.656606e+15	6.888516e-02	0.000000e+00	9.016196e-07	0.000000e+00	0.000000e+00	
1.683551e+15	6.888516e-02	0.000000e+00	9.234732e-07	0.000000e+00	0.000000e+00	
1.710934e+15	6.888516e-02	0.000000e+00	9.456906e-07	0.000000e+00	0.000000e+00	
1.738762e+15	6.888516e-02	0.000000e+00	9.682505e-07	0.000000e+00	0.000000e+00	
1.767044e+15	6.888516e-02	0.000000e+00	9.911600e-07	0.000000e+00	0.000000e+00	
1.795785e+15	6.888516e-02	0.000000e+00	1.014427e-06	0.000000e+00	0.000000e+00	
1.824993e+15	6.888516e-02	0.000000e+00	1.038048e-06	0.000000e+00	0.000000e+00	
1.854677e+15	6.888516e-02	0.000000e+00	1.062022e-06	0.000000e+00	0.000000e+00	
1.884843e+15	6.888516e-02	0.000000e+00	1.086372e-06	0.000000e+00	0.000000e+00	
1.915501e+15	6.888516e-02	0.000000e+00	1.111044e-06	0.000000e+00	0.000000e+00	
1.946656e+15	6.888516e-02	0.000000e+00	1.136077e-06	0.000000e+00	0.000000e+00	
1.978319e+15	6.888516e-02	0.000000e+00	1.161445e-06	0.000000e+00	0.000000e+00	
2.010496e+15	6.888516e-02	0.000000e+00	1.187159e-06	0.000000e+00	0.000000e+00	
2.043197e+15	6.888516e-02	0.000000e+00	1.213218e-06	0.000000e+00	0.000000e+00	
2.076430e+15	6.888516e-02	0.000000e+00	1.239619e-06	0.000000e+00	0.000000e+00	
2.110203e+15	6.888516e-02	0.000000e+00	1.266399e-06	0.000000e+00	0.000000e+00	
2.144526e+15	6.888516e-02	0.000000e+00	1.293475e-06	0.000000e+00	0.000000e+00	
2.179407e+15	6.888516e-02	0.000000e+00	1.320886e-06	0.000000e+00	0.000000e+00	
2.214855e+15	6.888516e-02	0.000000e+00	1.348630e-06	0.000000e+00	0.000000e+00	
2.250880e+15	6.888516e-02	0.000000e+00	1.376723e-06	0.000000e+00	0.000000e+00	
2.287491e+15	6.888516e-02	0.000000e+00	1.405120e-06	0.000000e+00	0.000000e+00	
2.324697e+15	6.888516e-02	0.000000e+00	1.433841e-06	0.000000e+00	0.000000e+00	
2.362508e+15	6.888516e-02	0.000000e+00	1.462881e-06	0.000000e+00	0.000000e+00	
2.400935e+15	6.888516e-02	0.000000e+00	1.492236e-06	0.000000e+00	0.000000e+00	
2.439986e+15	6.888516e-02	0.000000e+00	1.521957e-06	0.000000e+00	0.000000e+00	
2.479673e+15	6.888516e-02	0.000000e+00	1.551928e-06	0.000000e+00	0.000000e+00	
2.520005e+15	6.888516e-02	0.000000e+00	1.582202e-06	0.000000e+00	0.000000e+00	
2.560993e+15	6.888516e-02	0.000000e+00	1.612776e-06	0.000000e+00	0.000000e+00	
2.602648e+15	6.888516e-02	0.000000e+00	1.643656e-06	0.000000e+00	0.000000e+00	
2.644980e+15	6.888516e-02	0.000000e+00	1.674813e-06	0.000000e+00	0.000000e+00	
2.688001e+15	6.888516e-02	0.000000e+00	1.706292e-06	0.000000e+00	0.000000e+00	
2.731722e+15	6.888516e-02	0.000000e+00	1.738012e-06	0.000000e+00	0.000000e+00	
2.776153e+15	6.888516e-02	0.000000e+00	1.770068e-06	0.000000e+00	0.000000e+00	
2.821308e+15	6.888516e-02	0.000000e+00	1.802330e-06	0.000000e+00	0.000000e+00	
2.867196e+15	6.888516e-02	0.000000e+00	1.834859e-06	0.000000e+00	0.000000e+00	
2.913832e+15	6.888516e-02	0.000000e+00	1.867648e-06	0.000000e+00	0.000000e+00	
2.961225e+15	6.888516e-02	0.000000e+00	1.900691e-06	0.000000e+00	0.000000e+00	
3.009390e+15	6.888516e-02	0.000000e+00	1.934022e-06	0.000000e+00	0.000000e+00	
3.058338e+15	6.888516e-02	0.000000e+00	1.967555e-06	0.000000e+00	0.000000e+00	
3.108082e+15	6.888516e-02	0.000000e+00	2.001327e-06	0.000000e+00	0.000000e+00	
3.158635e+15	6.888516e-02	0.000000e+00	2.035332e-06	0.000000e+00	0.000000e+00	
3.210011e+15	6.888516e-02	0.000000e+00	2.069670e-06	0.000000e+00	0.000000e+00	
3.262222e+15	6.888516e-02	0.000000e+00	2.104114e-06	0.000000e+00	0.000000e+00	
3.315282e+15	6.888516e-02	0.000000e+00	2.138774e-06	0.000000e+00	0.000000e+00	
3.369206e+15	6.888516e-02	0.000000e+00	2.173645e-06	0.000000e+00	0.000000e+00	
3.424006e+15	6.888516e-02	0.000000e+00	2.208721e-06	0.000000e+00	0.000000e+00	
3.479698e+15	6.888516e-02	0.000000e+00	2.244012e-06	0.000000e+00	0.000000e+00	
3.536296e+15	6.888516e-02	0.000000e+00	2.279477e-06	0.000000e+00	0.000000e+00	
3.593814e+15	6.888516e-02	0.000000e+00	2.315193e-06	0.000000e+00	0.000000e+00	
3.652267e+15	6.888516e-02	0.000000e+00	2.351023e-06	0.000000e+00	0.000000e+00	
3.711672e+15	6.888516e-02	0.000000e+00	2.387136e-06	0.000000e+00	0.000000e+00	
3.772042e+15	6.888516e-02	0.000000e+00	2.423310e-06	0.000000e+00	0.000000e+00	
3.833395e+15	6.888516e-02	0.000000e+00	2.459652e-06	0.000000e+00	0.000000e+00	
3.895746e+15	6.888516e-02	0.000000e+00	2.496158e-06	0.000000e+00	0.000000e+00	
3.959110e+15	6.888516e-02	0.000000e+00	2.532887e-06	0.000000e+00	0.000000e+00	
4.023506e+15	6.888516e-02	0.000000e+00	2.569698e-06	0.000000e+00	0.000000e+00	
4.088948e+15	6.888516e-02	0.000000e+00	2.606658e-06	0.000000e+00	0.000000e+00	
4.155455e+15	6.888516e-02	0.000000e+00	2.643763e-06	0.000000e+00	0.000000e+00	
4.223044e+15	6.888516e-02	0.000000e+00	2.681009e-06	0.000000e+00	0.000000e+00	
4.291732e+15	6.888516e-02	0.000000e+00	2.718556e-06	0.000000e+00	0.000000e+00	
4.361538e+15	6.888516e-02	0.000000e+00	2.756058e-06	0.000000e+00	0.000000e+00	
4.432479e+15	6.888516e-02	0.000000e+00	2.793691e-06	0.000000e+00	0.000000e+00	
4.504573e+15	6.888516e-02	0.000000e+00	2.831452e-06	0.000000e+00	0.000000e+00	
4.577841e+15	6.888516e-02	0.000000e+00	2.869366e-06	0.000000e+00	0.000000e+00	
4.652300e+15	6.888516e-02	0.000000e+00	2.907369e-06	0.000000e+00	0.000000e+00	
4.727970e+15	6.888516e-02	0.000000e+00	2.945593e-06	0.000000e+00	0.000000e+00	
4.804870e+15	6.888516e-02	0.000000e+00	2.983826e-06	0.000000e+00	0.000000e+00	
4.883022e+15	6.888516e-02	0.000000e+00	3.022491e-06	0.000000e+00	0.000000e+00	
4.962445e+15	6.888516e-02	0.000000e+00	3.060945e-06	0.000000e+00	0.000000e+00	
5.043159e+15	6.888516e-02	0.000000e+00	3.099512e-06	0.000000e+00	0.000000e+00	
5.125187e+15	6.888516e-02	0.000000e+00	3.138191e-06	0.000000e+00	0.000000e+00	
5.208549e+15	6.888516e-02	0.000000e+00	3.176848e-06	0.000000e+00	0.000000e+00	
5.293266e+15	6.888516e-02	0.000000e+00	3.215855e-06	0.000000e+00	0.000000e+00	
5.379362e+15	6.888516e-02	0.000000e+00	3.254874e-06	0.000000e+00	0.000000e+00	
5.466857e+15	6.888516e-02	0.000000e+00	3.294009e-06	0.000000e+00	0.000000e+00	
5.555776e+15	6.888516e-02	0.000000e+00	3.333261e-06	0.000000e+00	0.000000e+00	
5.646141e+15	6.888516e-02	0.000000e+00	3.372879e-06	0.000000e+00	0.000000e+00	
5.737976e+15	6.888516e-02	0.000000e+00	3.412346e-06	0.000000e+00	0.000000e+00	
5.831305e+15	6.888516e-02	0.000000e+00	3.451936e-06	0.000000e+00	0.000000e+00	
5.926152e+15	6.888516e-02	0.000000e+00	3.491653e-06	0.000000e+00	0.000000e+00	
6.022541e+15	6.888516e-02	0.000000e+00	3.531497e-06	0.000000e+00	0.000000e+00	
6.120498e+15	6.888516e-02	0.000000e+00	3.571515e-06	0.000000e+00	0.000000e+00	
6.220049e+15	6.888516e-02	0.000000e+00	3.612151e-06	0.000000e+00	0.000000e+00	
6.321218e+15	6.888516e-02	0.000000e+00	3.652393e-06	0.000000e+00	0.000000e+00	
6.424034e+15	6.888516e-02	0.000000e+00	3.692781e-06	0.000000e+00	1.339511e-75	
6.528521e+15	6.888516e-02	0.000000e+00	3.733317e-06	0.000000e+00	2.376614e-47	
6.634708e+15	6.888516e-02	0.000000e+00	3.774005e-06	0.000000e+00	4.212274e-19	
6.742622e+15	6.888516e-02	0.000000e+00	3.814851e-06	0.000000e+00	1.544767e-12	
6.852292e+15	6.888516e-02	0.000000e+00	3.855861e-06	0.000000e+00	9.948803e-12	
6.963745e+15	6.888516e-02	0.000000e+00	3.897042e-06	0.000000e+00	2.951505e-11	
7.077011e+15	6.888516e-02	0.000000e+00	3.938249e-06	0.000000e+00	6.475109e-11	
7.192119e+15	6.888516e-02	0.000000e+00	3.979775e-06	0.000000e+00	1.201464e-10	
7.309099e+15	6.888516e-02	0.000000e+00	4.021496e-06	0.000000e+00	2.008051e-10	
7.427982e+15	6.888516e-02	0.000000e+00	4.063419e-06	0.000000e+00	3.119973e-10	
7.548799e+15	6.888516e-02	0.000000e+00	4.105874e-06	0.000000e+00	4.596581e-10	
7.671581e+15	6.888516e-02	0.000000e+00	4.148198e-06	0.000000e+00	6.498364e-10	
7.796360e+15	6.888516e-02	0.000000e+00	4.190753e-06	0.000000e+00	8.896109e-10	
7.923169e+15	6.888516e-02	0.000000e+00	4.233546e-06	0.000000e+00	1.186245e-09	
8.052040e+15	6.888516e-02	0.000000e+00	4.276656e-06	0.000000e+00	1.547940e-09	
8.183007e+15	6.888516e-02	0.000000e+00	4.319945e-06	0.000000e+00	1.983510e-09	
8.316104e+15	6.888516e-02	0.000000e+00	4.363501e-06	0.000000e+00	2.503006e-09	
8.451366e+15	6.888516e-02	0.000000e+00	4.407504e-06	0.000000e+00	3.117187e-09	
8.588829e+15	6.888516e-02	0.000000e+00	4.451612e-06	0.000000e+00	3.836007e-09	
8.728527e+15	6.888516e-02	0.000000e+00	4.496275e-06	0.000000e+00	4.672342e-09	
8.870497e+15	6.888516e-02	0.000000e+00	4.540976e-06	0.000000e+00	5.640235e-09	
9.014776e+15	6.888516e-02	0.000000e+00	4.586003e-06	0.000000e+00	6.752509e-09	
9.161402e+15	6.888516e-02	0.000000e+00	4.631366e-06	0.000000e+00	8.024813e-09	
9.310413e+15	6.888516e-02	0.000000e+00	4.677239e-06	0.000000e+00	9.470964e-09	
9.461848e+15	6.888516e-02	0.000000e+00	4.723295e-06	0.000000e+00	1.111181e-08	
9.615746e+15	6.888516e-02	0.000000e+00	4.769725e-06	0.000000e+00	1.296348e-08	
9.772147e+15	6.888516e-02	0.000000e+00	4.816542e-06	0.000000e+00	1.503957e-08	
9.931092e+15	6.888516e-02	0.000000e+00	4.863758e-06	0.000000e+00	1.736808e-08	
1.009262e+16	6.888516e-02	0.000000e+00	4.911768e-06	0.000000e+00	1.996345e-08	
1.025678e+16	6.888516e-02	0.000000e+00	4.959790e-06	0.000000e+00	2.284846e-08	
1.042361e+16	6.888516e-02	0.000000e+00	5.008256e-06	0.000000e+00	2.605823e-08	
1.059315e+16	6.888516e-02	0.000000e+00	5.057178e-06	0.000000e+00	2.960863e-08	
1.076545e+16	6.888516e-02	0.000000e+00	5.106708e-06	0.000000e+00	3.352414e-08	
1.094055e+16	6.888516e-02	0.000000e+00	5.156574e-06	0.000000e+00	3.783527e-08	
1.111850e+16	6.888516e-02	0.000000e+00	5.206942e-06	0.000000e+00	4.257449e-08	
1.129934e+16	6.888516e-02	0.000000e+00	5.257828e-06	0.000000e+00	4.778822e-08	
1.148312e+16	6.888516e-02	0.000000e+00	5.309683e-06	0.000000e+00	5.348943e-08	
1.166990e+16	6.888516e-02	0.000000e+00	5.361613e-06	0.000000e+00	5.972807e-08	
1.185971e+16	6.888516e-02	0.000000e+00	5.414113e-06	0.000000e+00	6.655066e-08	
1.205261e+16	6.888516e-02	0.000000e+00	5.467198e-06	0.000000e+00	7.396437e-08	
1.224865e+16	6.888516e-02	0.000000e+00	5.520884e-06	0.000000e+00	8.205931e-08	
1.244787e+16	6.888516e-02	0.000000e+00	5.575364e-06	0.000000e+00	9.084848e-08	
1.265034e+16	6.888516e-02	0.000000e+00	5.630289e-06	0.000000e+00	1.004269e-07	
1.285610e+16	6.888516e-02	0.000000e+00	5.685870e-06	0.000000e+00	1.107834e-07	
1.306520e+16	6.888516e-02	0.000000e+00	5.742127e-06	0.000000e+00	1.220269e-07	
1.327771e+16	6.888516e-02	0.000000e+00	5.799189e-06	0.000000e+00	1.341788e-07	
1.349367e+16	6.888516e-02	0.000000e+00	5.856832e-06	0.000000e+00	1.473222e-07	
1.371315e+16	6.888516e-02	0.000000e+00	5.915508e-06	0.000000e+00	1.615110e-07	
1.393619e+16	6.888516e-02	0.000000e+00	5.974636e-06	0.000000e+00	1.768033e-07	
1.416287e+16	6.888516e-02	0.000000e+00	6.034544e-06	0.000000e+00	1.932696e-07	
1.439323e+16	6.888516e-02	0.000000e+00	6.095392e-06	0.000000e+00	2.110370e-07	
1.462733e+16	6.888516e-02	0.000000e+00	6.156921e-06	0.000000e+00	2.300244e-07	
1.486525e+16	6.888516e-02	0.000000e+00	6.219304e-06	0.000000e+00	2.503618e-07	
1.510703e+16	6.888516e-02	0.000000e+00	6.282569e-06	0.000000e+00	2.720468e-07	
1.535275e+16	6.888516e-02	0.000000e+00	6.347156e-06	0.000000e+00	2.952925e-07	
1.560246e+16	6.888516e-02	0.000000e+00	6.412228e-06	0.000000e+00	3.200424e-07	
1.585624e+16	6.888516e-02	0.000000e+00	6.478268e-06	0.000000e+00	3.463847e-07	
1.611414e+16	6.888516e-02	0.000000e+00	6.545304e-06	0.000000e+00	3.744043e-07	
1.637624e+16	6.888516e-02	0.000000e+00	6.613235e-06	0.000000e+00	4.041885e-07	
1.664260e+16	6.888516e-02	0.000000e+00	6.682644e-06	0.000000e+00	4.356334e-07	
1.691330e+16	6.888516e-02	0.000000e+00	6.752842e-06	0.000000e+00	4.689172e-07	
1.718839e+16	6.888516e-02	0.000000e+00	6.824170e-06	0.000000e+00	5.040618e-07	
1.746796e+16	6.888516e-02	0.000000e+00	6.896665e-06	0.000000e+00	5.411721e-07	
1.775208e+16	6.888516e-02	0.000000e+00	6.970359e-06	0.000000e+00	5.803100e-07	
1.804082e+16	6.888516e-02	0.000000e+00	7.045283e-06	0.000000e+00	6.214960e-07	
1.833425e+16	6.888516e-02	0.000000e+00	7.121687e-06	0.000000e+00	6.648858e-07	
1.863246e+16	6.888516e-02	0.000000e+00	7.199219e-06	0.000000e+00	7.103519e-07	
1.893552e+16	6.888516e-02	0.000000e+00	7.278445e-06	0.000000e+00	7.580491e-07	
1.924351e+16	6.888516e-02	0.000000e+00	7.358780e-06	0.000000e+00	8.081363e-07	
1.955651e+16	6.888516e-02	0.000000e+00	7.440740e-06	0.000000e+00	8.605109e-07	
1.987460e+16	6.888516e-02	0.000000e+00	7.523949e-06	0.000000e+00	9.153992e-07	
2.019786e+16	6.888516e-02	0.000000e+00	7.608895e-06	0.000000e+00	9.727229e-07	
2.052638e+16	6.888516e-02	0.000000e+00	7.695835e-06	0.000000e+00	1.032620e-06	
2.086024e+16	6.888516e-02	0.000000e+00	7.784118e-06	0.000000e+00	1.095143e-06	
2.119953e+16	6.888516e-02	0.000000e+00	7.874179e-06	0.000000e+00	1.160310e-06	
2.154435e+16	6.888516e-02	0.000000e+00	7.966082e-06	0.000000e+00	1.228201e-06	
2.189477e+16	6.888516e-02	0.000000e+00	8.060037e-06	0.000000e+00	1.298899e-06	
2.225089e+16	6.888516e-02	0.000000e+00	8.155820e-06	0.000000e+00	1.372613e-06	
2.261280e+16	6.888516e-02	0.000000e+00	8.253667e-06	0.000000e+00	1.449345e-06	
2.298060e+16	6.888516e-02	0.000000e+00	8.353657e-06	0.000000e+00	1.529030e-06	
2.335438e+16	6.888516e-02	0.000000e+00	8.455876e-06	0.000000e+00	1.611841e-06	
2.373424e+16	6.888516e-02	0.000000e+00	8.560720e-06	0.000000e+00	1.698137e-06	
2.412028e+16	6.888516e-02	0.000000e+00	8.667637e-06	0.000000e+00	1.787628e-06	
2.451260e+16	6.888516e-02	0.000000e+00	8.776488e-06	0.000000e+00	1.880005e-06	
2.491130e+16	6.888516e-02	0.000000e+00	8.889079e-06	0.000000e+00	1.977013e-06	
2.531648e+16	6.888516e-02	0.000000e+00	9.003906e-06	0.000000e+00	2.077183e-06	
2.572826e+16	6.888516e-02	0.000000e+00	9.121439e-06	0.000000e+00	2.181147e-06	
2.614673e+16	6.888516e-02	0.000000e+00	9.241909e-06	0.000000e+00	2.288929e-06	
2.657201e+16	6.888516e-02	0.000000e+00	9.365437e-06	0.000000e+00	2.400798e-06	
2.700421e+16	6.888516e-02	0.000000e+00	9.492458e-06	0.000000e+00	2.516688e-06	
2.744343e+16	6.888516e-02	0.000000e+00	9.622459e-06	0.000000e+00	2.636873e-06	
2.788980e+16	6.888516e-02	0.000000e+00	9.755913e-06	0.000000e+00	2.761529e-06	
2.834343e+16	6.888516e-02	0.000000e+00	9.892628e-06	0.000000e+00	2.890588e-06	
2.880444e+16	6.888516e-02	0.000000e+00	1.003338e-05	0.000000e+00	3.024280e-06	
2.927295e+16	6.888516e-02	0.000000e+00	1.017807e-05	0.000000e+00	3.162989e-06	
2.974908e+16	6.888516e-02	0.000000e+00	1.032675e-05	0.000000e+00	3.306932e-06	
3.023295e+16	6.888516e-02	0.000000e+00	1.047979e-05	0.000000e+00	3.455550e-06	
3.072469e+16	6.888516e-02	0.000000e+00	1.063705e-05	0.000000e+00	3.609363e-06	
3.122443e+16	6.888516e-02	0.000000e+00	1.079893e-05	0.000000e+00	3.769099e-06	
3.173230e+16	6.888516e-02	0.000000e+00	1.096551e-05	0.000000e+00	3.934180e-06	
3.224842e+16	6.888516e-02	0.000000e+00	1.113719e-05	0.000000e+00	4.104703e-06	
3.277295e+16	6.888516e-02	0.000000e+00	1.131385e-05	0.000000e+00	4.281854e-06	
3.330600e+16	6.888516e-02	0.000000e+00	1.149627e-05	0.000000e+00	4.465325e-06	
3.384773e+16	6.888516e-02	0.000000e+00	1.168395e-05	0.000000e+00	4.654559e-06	
3.439826e+16	6.888516e-02	0.000000e+00	1.187792e-05	0.000000e+00	4.850630e-06	
3.495776e+16	6.888516e-02	0.000000e+00	1.207675e-05	0.000000e+00	5.053429e-06	
3.552635e+16	6.888516e-02	0.000000e+00	1.228225e-05	0.000000e+00	5.263493e-06	
3.610419e+16	6.888516e-02	0.000000e+00	1.249455e-05	0.000000e+00	5.480357e-06	
3.669142e+16	6.888516e-02	0.000000e+00	1.271358e-05	0.000000e+00	5.705351e-06	
3.728821e+16	6.888516e-02	0.000000e+00	1.293986e-05	0.000000e+00	5.937567e-06	
3.789471e+16	6.888516e-02	0.000000e+00	1.317329e-05	0.000000e+00	6.177899e-06	
3.851107e+16	6.888516e-02	0.000000e+00	1.341443e-05	0.000000e+00	6.426409e-06	
3.913746e+16	6.888516e-02	0.000000e+00	1.366343e-05	0.000000e+00	6.683633e-06	
3.977403e+16	6.888516e-02	0.000000e+00	1.392114e-05	0.000000e+00	6.950036e-06	
4.042096e+16	6.888516e-02	0.000000e+00	1.418694e-05	0.000000e+00	7.225363e-06	
4.107841e+16	6.888516e-02	0.000000e+00	1.446163e-05	0.000000e+00	7.509318e-06	
4.174655e+16	6.888516e-02	0.000000e+00	1.474595e-05	0.000000e+00	7.801925e-06	
4.242556e+16	6.888516e-02	0.000000e+00	1.503943e-05	0.000000e+00	8.110387e-06	
4.311562e+16	6.888516e-02	0.000000e+00	1.534284e-05	0.000000e+00	8.426328e-06	
4.381690e+16	6.888516e-02	0.000000e+00	1.565655e-05	0.000000e+00	8.752004e-06	
4.452959e+16	6.888516e-02	0.000000e+00	1.598060e-05	0.000000e+00	9.091553e-06	
4.525386e+16	6.888516e-02	0.000000e+00	1.631608e-05	0.000000e+00	9.442117e-06	
4.598992e+16	6.888516e-02	0.000000e+00	1.666332e-05	0.000000e+00	9.805145e-06	
4.673795e+16	6.888516e-02	0.000000e+00	1.702218e-05	0.000000e+00	1.018001e-05	
4.749815e+16	6.888516e-02	0.000000e+00	1.739339e-05	0.000000e+00	1.056891e-05	
4.827071e+16	6.888516e-02	0.000000e+00	1.777809e-05	0.000000e+00	1.097170e-05	
4.905584e+16	6.888516e-02	0.000000e+00	1.817531e-05	0.000000e+00	1.138828e-05	
4.985373e+16	6.888516e-02	0.000000e+00	1.858622e-05	0.000000e+00	1.181880e-05	
5.066461e+16	6.888516e-02	0.000000e+00	1.901129e-05	0.000000e+00	1.226422e-05	
5.148867e+16	6.888516e-02	0.000000e+00	1.945122e-05	0.000000e+00	1.272788e-05	
5.232614e+16	6.888516e-02	0.000000e+00	1.990602e-05	0.000000e+00	1.320613e-05	
5.317723e+16	6.888516e-02	0.000000e+00	2.037614e-05	0.000000e+00	1.370000e-05	
5.404216e+16	6.888516e-02	0.000000e+00	2.086271e-05	0.000000e+00	1.421240e-05	
5.492116e+16	6.888516e-02	0.000000e+00	2.136609e-05	0.000000e+00	1.474182e-05	
5.581446e+16	6.888516e-02	0.000000e+00	2.188658e-05	0.000000e+00	1.528585e-05	
5.672229e+16	6.888516e-02	0.000000e+00	2.242485e-05	0.000000e+00	1.585464e-05	
5.764488e+16	6.888516e-02	0.000000e+00	2.298236e-05	0.000000e+00	1.643868e-05	
5.858248e+16	6.888516e-02	0.000000e+00	2.355784e-05	0.000000e+00	1.704416e-05	
5.953533e+16	6.888516e-02	0.000000e+00	2.415303e-05	0.000000e+00	1.766916e-05	
6.050368e+16	6.888516e-02	0.000000e+00	2.476805e-05	0.000000e+00	1.831424e-05	
6.148778e+16	6.888516e-02	0.000000e+00	2.540368e-05	0.000000e+00	1.897942e-05	
6.248788e+16	6.888516e-02	0.000000e+00	2.606073e-05	0.000000e+00	1.966769e-05	
6.350425e+16	6.888516e-02	0.000000e+00	2.673983e-05	0.000000e+00	2.037587e-05	
6.453715e+16	6.888516e-02	0.000000e+00	2.744135e-05	0.000000e+00	2.110861e-05	
6.558686e+16	6.888516e-02	0.000000e+00	2.816649e-05	0.000000e+00	2.185803e-05	
6.665363e+16	6.888516e-02	0.000000e+00	2.891500e-05	0.000000e+00	2.264007e-05	
6.773776e+16	6.888516e-02	0.000000e+00	2.968802e-05	0.000000e+00	2.344166e-05	
6.883952e+16	6.888516e-02	0.000000e+00	3.048637e-05	0.000000e+00	2.426637e-05	
6.995920e+16	6.888516e-02	0.000000e+00	3.131035e-05	0.000000e+00	2.511653e-05	
7.109709e+16	6.888516e-02	0.000000e+00	3.216128e-05	0.000000e+00	2.599175e-05	
7.225349e+16	6.888516e-02	0.000000e+00	3.303891e-05	0.000000e+00	2.689112e-05	
7.342870e+16	6.888516e-02	0.000000e+00	3.394557e-05	0.000000e+00	2.781676e-05	
7.462303e+16	6.888516e-02	0.000000e+00	3.487960e-05	0.000000e+00	2.876629e-05	
7.583678e+16	6.888516e-02	0.000000e+00	3.584290e-05	0.000000e+00	2.974528e-05	
7.707027e+16	6.888516e-02	0.000000e+00	3.683612e-05	0.000000e+00	3.074710e-05	
7.832383e+16	6.888516e-02	0.000000e+00	3.785971e-05	0.000000e+00	3.177888e-05	
7.959777e+16	6.888516e-02	0.000000e+00	3.891493e-05	0.000000e+00	3.282690e-05	
8.089243e+16	6.888516e-02	3.305827e-14	4.000221e-05	0.000000e+00	3.392111e-05	
8.220816e+16	6.888516e-02	5.092689e-14	4.112276e-05	0.000000e+00	3.503306e-05	
8.354528e+16	6.888516e-02	7.794364e-14	4.227625e-05	0.000000e+00	3.617295e-05	
8.490415e+16	6.888516e-02	1.185296e-13	4.346495e-05	0.000000e+00	3.734130e-05	
8.628513e+16	6.888516e-02	1.791148e-13	4.468748e-05	0.000000e+00	3.853884e-05	
8.768856e+16	6.888516e-02	2.689891e-13	4.594563e-05	0.000000e+00	3.976262e-05	
8.911482e+16	6.888516e-02	4.014971e-13	4.724006e-05	0.000000e+00	4.101498e-05	
9.056428e+16	6.888516e-02	5.956800e-13	4.857194e-05	0.000000e+00	4.229865e-05	
9.203732e+16	6.888516e-02	8.785645e-13	4.994094e-05	0.000000e+00	4.361169e-05	
9.353432e+16	6.888516e-02	1.288242e-12	5.134828e-05	0.000000e+00	4.495287e-05	
9.505566e+16	6.888516e-02	1.878154e-12	5.279464e-05	0.000000e+00	4.632302e-05	
9.660175e+16	6.888516e-02	2.722760e-12	5.428048e-05	0.000000e+00	4.772253e-05	
9.817298e+16	6.888516e-02	3.925292e-12	5.580702e-05	0.000000e+00	4.915076e-05	
9.976978e+16	6.888516e-02	5.628044e-12	5.737434e-05	0.000000e+00	5.061315e-05	
1.013925e+17	6.888516e-02	8.026058e-12	5.898393e-05	0.000000e+00	5.210208e-05	
1.030417e+17	6.888516e-02	1.138532e-11	6.063510e-05	0.000000e+00	5.362357e-05	
1.047177e+17	6.888516e-02	1.606638e-11	6.233015e-05	0.000000e+00	5.517522e-05	
1.064209e+17	6.888516e-02	2.255599e-11	6.406757e-05	0.000000e+00	5.675582e-05	
1.081519e+17	6.888516e-02	3.150704e-11	6.584904e-05	0.000000e+00	5.836868e-05	
1.099110e+17	6.888516e-02	4.379189e-11	6.767515e-05	0.000000e+00	6.001273e-05	
1.116987e+17	6.888516e-02	6.056888e-11	6.954793e-05	0.000000e+00	6.168888e-05	
1.135155e+17	6.888516e-02	8.337032e-11	7.146486e-05	0.000000e+00	6.339589e-05	
1.153618e+17	6.888516e-02	1.142119e-10	7.342805e-05	0.000000e+00	6.513473e-05	
1.172382e+17	6.888516e-02	1.557333e-10	7.543799e-05	0.000000e+00	6.690970e-05	
1.191451e+17	6.888516e-02	2.113754e-10	7.749512e-05	0.000000e+00	6.870888e-05	
1.210830e+17	6.888516e-02	2.856007e-10	7.960053e-05	0.000000e+00	7.054571e-05	
1.230524e+17	6.888516e-02	3.841754e-10	8.175333e-05	0.000000e+00	7.241630e-05	
1.250539e+17	6.888516e-02	5.145093e-10	8.395463e-05	0.000000e+00	7.431368e-05	
1.270879e+17	6.888516e-02	6.860920e-10	8.620480e-05	0.000000e+00	7.624979e-05	
1.291550e+17	6.888516e-02	9.110115e-10	8.850595e-05	0.000000e+00	7.818224e-05	
1.312557e+17	6.888516e-02	1.204615e-09	9.085480e-05	0.000000e+00	8.022118e-05	
1.333906e+17	6.888516e-02	1.586303e-09	9.325353e-05	0.000000e+00	8.225502e-05	
1.355602e+17	6.888516e-02	2.080434e-09	9.570242e-05	0.000000e+00	8.432036e-05	
1.377651e+17	6.888516e-02	2.717625e-09	9.820170e-05	0.000000e+00	8.642243e-05	
1.400058e+17	6.888516e-02	3.536125e-09	1.007522e-04	0.000000e+00	8.855867e-05	
1.422830e+17	6.888516e-02	4.583314e-09	1.033528e-04	0.000000e+00	9.072711e-05	
1.445973e+17	6.888516e-02	5.918024e-09	1.060044e-04	0.000000e+00	9.293446e-05	
1.469492e+17	6.888516e-02	7.612825e-09	1.087072e-04	0.000000e+00	9.516944e-05	
1.493393e+17	6.888516e-02	9.756883e-09	1.114633e-04	0.000000e+00	9.743799e-05	
1.517683e+17	6.888516e-02	1.245943e-08	1.142684e-04	0.000000e+00	9.974534e-05	
1.542369e+17	6.888516e-02	1.585372e-08	1.171248e-04	0.000000e+00	1.020821e-04	
1.567455e+17	6.888516e-02	2.010178e-08	1.200325e-04	0.000000e+00	1.044529e-04	
1.592950e+17	6.888516e-02	2.539968e-08	1.229939e-04	0.000000e+00	1.068656e-04	
1.618860e+17	6.888516e-02	3.198496e-08	1.260056e-04	0.000000e+00	1.092935e-04	
1.645191e+17	6.888516e-02	4.014211e-08	1.290662e-04	0.000000e+00	1.117654e-04	
1.671950e+17	6.888516e-02	5.021340e-08	1.321779e-04	0.000000e+00	1.142659e-04	
1.699144e+17	6.888516e-02	6.260646e-08	1.353389e-04	0.000000e+00	1.167994e-04	
1.726781e+17	6.888516e-02	7.780861e-08	1.385553e-04	0.000000e+00	1.193650e-04	
1.754867e+17	6.888516e-02	9.639725e-08	1.418190e-04	0.000000e+00	1.219724e-04	
1.783410e+17	6.888516e-02	1.190562e-07	1.451327e-04	0.000000e+00	1.244570e-04	
1.812418e+17	6.888516e-02	1.465907e-07	1.484961e-04	0.000000e+00	1.272482e-04	
1.841897e+17	6.888516e-02	1.799505e-07	1.519101e-04	0.000000e+00	1.299361e-04	
1.871855e+17	6.888516e-02	2.202484e-07	1.553719e-04	0.000000e+00	1.326479e-04	
1.902301e+17	6.888516e-02	2.687827e-07	1.588822e-04	0.000000e+00	1.353974e-04	
1.933242e+17	6.888516e-02	3.270695e-07	1.624407e-04	0.000000e+00	1.381693e-04	
1.964687e+17	6.888516e-02	3.968687e-07	1.660469e-04	0.000000e+00	1.409649e-04	
1.996642e+17	6.888516e-02	4.802245e-07	1.697042e-04	0.000000e+00	1.437953e-04	
2.029118e+17	6.888516e-02	5.794924e-07	1.734037e-04	0.000000e+00	1.466404e-04	
2.062122e+17	6.888516e-02	6.974062e-07	1.771492e-04	0.000000e+00	1.495134e-04	
2.095662e+17	6.888516e-02	8.370404e-07	1.809401e-04	0.000000e+00	1.524184e-04	
2.129749e+17	6.888516e-02	1.002024e-06	1.847778e-04	0.000000e+00	1.553444e-04	
2.164389e+17	6.888516e-02	1.196436e-06	1.886571e-04	0.000000e+00	1.582937e-04	
2.199593e+17	6.888516e-02	1.424936e-06	1.925798e-04	0.000000e+00	1.612619e-04	
2.235370e+17	6.888516e-02	1.692827e-06	1.965449e-04	0.000000e+00	1.642448e-04	
2.271728e+17	6.888516e-02	2.006121e-06	2.005518e-04	0.000000e+00	1.672428e-04	
2.308678e+17	6.888516e-02	2.371640e-06	2.046050e-04	0.000000e+00	1.702651e-04	
2.346229e+17	6.888516e-02	2.797055e-06	2.086923e-04	0.000000e+00	1.733147e-04	
2.384390e+17	6.888516e-02	3.291017e-06	2.128187e-04	0.000000e+00	1.763731e-04	
2.423173e+17	6.888516e-02	3.863231e-06	2.169834e-04	0.000000e+00	1.794405e-04	
2.462586e+17	6.888516e-02	4.524594e-06	2.211876e-04	0.000000e+00	1.825254e-04	
2.502640e+17	6.888516e-02	5.287274e-06	2.254257e-04	0.000000e+00	1.856209e-04	
2.543346e+17	6.888516e-02	6.164830e-06	2.296991e-04	0.000000e+00	1.887224e-04	
2.584714e+17	6.888516e-02	7.172360e-06	2.340068e-04	0.000000e+00	1.918459e-04	
2.626754e+17	6.888516e-02	8.326622e-06	2.383560e-04	0.000000e+00	1.949718e-04	
2.669478e+17	6.888516e-02	9.646219e-06	2.427283e-04	0.000000e+00	1.980875e-04	
2.712898e+17	6.888516e-02	1.115166e-05	2.471318e-04	0.000000e+00	2.012216e-04	
2.757023e+17	6.888516e-02	1.286560e-05	2.515653e-04	0.000000e+00	2.042208e-04	
2.801867e+17	6.888516e-02	1.481294e-05	2.560275e-04	0.000000e+00	2.073998e-04	
2.847439e+17	6.888516e-02	1.702110e-05	2.605214e-04	0.000000e+00	2.105806e-04	
2.893753e+17	6.888516e-02	1.952010e-05	2.650374e-04	0.000000e+00	2.137980e-04	
2.940820e+17	6.888516e-02	2.234275e-05	2.695787e-04	0.000000e+00	2.169438e-04	
2.988653e+17	6.888516e-02	2.552491e-05	2.741441e-04	0.000000e+00	2.200834e-04	
3.037264e+17	6.888516e-02	2.910575e-05	2.787436e-04	0.000000e+00	2.232109e-04	
3.086665e+17	6.888516e-02	3.312742e-05	2.833523e-04	0.000000e+00	2.263407e-04	
3.136870e+17	6.888516e-02	3.763640e-05	2.879813e-04	0.000000e+00	2.294454e-04	
3.187891e+17	6.888516e-02	4.268251e-05	2.926294e-04	0.000000e+00	2.325251e-04	
3.239743e+17	6.888516e-02	4.831974e-05	2.972953e-04	0.000000e+00	2.356179e-04	
3.292437e+17	6.888516e-02	5.460647e-05	3.019817e-04	0.000000e+00	2.387539e-04	
3.345989e+17	6.888516e-02	6.160524e-05	3.066787e-04	0.000000e+00	2.418260e-04	
3.400412e+17	6.888516e-02	6.938437e-05	3.113894e-04	0.000000e+00	2.448890e-04	
3.455720e+17	6.888516e-02	7.801560e-05	3.161126e-04	0.000000e+00	2.479343e-04	
3.511928e+17	6.888516e-02	8.757692e-05	3.208622e-04	0.000000e+00	2.509509e-04	
3.569049e+17	6.888516e-02	9.815156e-05	3.256048e-04	0.000000e+00	2.539635e-04	
3.627100e+17	6.888516e-02	1.098283e-04	3.303559e-04	0.000000e+00	2.569720e-04	
3.686095e+17	6.888516e-02	1.227018e-04	3.351140e-04	0.000000e+00	2.599336e-04	
3.746050e+17	6.888516e-02	1.368728e-04	3.398858e-04	0.000000e+00	2.628947e-04	
3.806980e+17	6.888516e-02	1.524485e-04	3.446533e-04	0.000000e+00	2.658402e-04	
3.868901e+17	6.888516e-02	1.695426e-04	3.494238e-04	0.000000e+00	2.687549e-04	
3.931829e+17	6.888516e-02	1.882740e-04	3.541960e-04	0.000000e+00	2.716538e-04	
3.995780e+17	6.888516e-02	2.087732e-04	3.589683e-04	0.000000e+00	2.744835e-04	
4.060772e+17	6.888516e-02	2.311732e-04	3.637598e-04	0.000000e+00	2.773413e-04	
4.126821e+17	6.888516e-02	2.556141e-04	3.685267e-04	0.000000e+00	2.802022e-04	
4.193944e+17	6.888516e-02	2.822465e-04	3.732899e-04	0.000000e+00	2.830197e-04	
4.262159e+17	6.888516e-02	3.112269e-04	3.780479e-04	0.000000e+00	2.858079e-04	
4.331483e+17	6.888516e-02	3.427197e-04	3.828075e-04	0.000000e+00	2.885716e-04	
4.401935e+17	6.888516e-02	3.768976e-04	3.875503e-04	0.000000e+00	2.913059e-04	
4.473533e+17	6.888516e-02	4.139408e-04	3.922840e-04	0.000000e+00	2.940279e-04	
4.546295e+17	6.888516e-02	4.540367e-04	3.970070e-04	0.000000e+00	2.967252e-04	
4.620241e+17	6.888516e-02	4.973844e-04	4.017180e-04	0.000000e+00	2.994219e-04	
4.695390e+17	6.888516e-02	5.441880e-04	4.064416e-04	0.000000e+00	3.020642e-04	
4.771761e+17	6.888516e-02	5.946594e-04	4.111224e-04	0.000000e+00	3.047233e-04	
4.849374e+17	6.888516e-02	6.490206e-04	4.157873e-04	0.000000e+00	3.073553e-04	
4.928250e+17	6.888516e-02	7.075018e-04	4.204350e-04	0.000000e+00	3.099644e-04	
5.008408e+17	6.888516e-02	7.703408e-04	4.250769e-04	0.000000e+00	3.125559e-04	
5.089870e+17	6.888516e-02	8.377825e-04	4.296852e-04	0.000000e+00	3.151377e-04	
5.172657e+17	6.888516e-02	9.100819e-04	4.342723e-04	0.000000e+00	3.176611e-04	
5.256791e+17	6.888516e-02	9.875026e-04	4.388371e-04	0.000000e+00	3.202617e-04	
5.342293e+17	6.888516e-02	1.070316e-03	4.434134e-04	0.000000e+00	3.227772e-04	
5.429186e+17	6.888516e-02	1.158800e-03	4.479264e-04	0.000000e+00	3.253216e-04	
5.517492e+17	6.888516e-02	1.253239e-03	4.524135e-04	0.000000e+00	3.278666e-04	
5.607235e+17	6.888516e-02	1.353927e-03	4.568735e-04	0.000000e+00	3.304037e-04	
5.698437e+17	6.888516e-02	1.461165e-03	4.613051e-04	0.000000e+00	3.329436e-04	
5.791123e+17	6.888516e-02	1.575262e-03	4.657173e-04	0.000000e+00	3.354596e-04	
5.885316e+17	6.888516e-02	1.696530e-03	4.700892e-04	0.000000e+00	3.379834e-04	
5.981041e+17	6.888516e-02	1.825292e-03	4.744271e-04	0.000000e+00	3.405117e-04	
6.078323e+17	6.888516e-02	1.961877e-03	4.787319e-04	0.000000e+00	3.430433e-04	
6.177188e+17	6.888516e-02	2.106620e-03	4.830445e-04	0.000000e+00	3.457952e-04	
6.277660e+17	6.888516e-02	2.259860e-03	4.872759e-04	0.000000e+00	3.481049e-04	
6.379767e+17	6.888516e-02	2.421940e-03	4.914712e-04	0.000000e+00	3.506667e-04	
6.483534e+17	6.888516e-02	2.593210e-03	4.956292e-04	0.000000e+00	3.532310e-04	
6.588990e+17	6.888516e-02	2.774027e-03	4.997490e-04	0.000000e+00	3.558151e-04	
6.696160e+17	6.888516e-02	2.964747e-03	5.038476e-04	0.000000e+00	3.584271e-04	
6.805074e+17	6.888516e-02	3.165732e-03	5.078859e-04	0.000000e+00	3.610590e-04	
6.915759e+17	6.888516e-02	3.377349e-03	5.118830e-04	0.000000e+00	3.636315e-04	
7.028244e+17	6.888516e-02	3.599968e-03	5.158379e-04	0.000000e+00	3.663030e-04	
7.142559e+17	6.888516e-02	3.833961e-03	5.197977e-04	0.000000e+00	3.690133e-04	
7.258734e+17	6.888516e-02	4.079698e-03	5.236609e-04	0.000000e+00	3.717788e-04	
7.376798e+17	6.888516e-02	4.337555e-03	5.274797e-04	0.000000e+00	3.745437e-04	
7.496782e+17	6.888516e-02	4.607880e-03	5.312529e-04	0.000000e+00	3.774125e-04	
7.618718e+17	6.888516e-02	4.891081e-03	5.349936e-04	0.000000e+00	3.801687e-04	
7.742637e+17	6.888516e-02	5.187596e-03	5.386717e-04	0.000000e+00	3.830575e-04	
7.868572e+17	6.888516e-02	5.497684e-03	5.423057e-04	0.000000e+00	3.859832e-04	
7.996555e+17	6.888516e-02	5.821767e-03	5.458872e-04	0.000000e+00	3.889460e-04	
8.126619e+17	6.888516e-02	6.160217e-03	5.494191e-04	0.000000e+00	3.919664e-04	
8.258799e+17	6.888516e-02	6.513407e-03	5.529539e-04	0.000000e+00	3.950487e-04	
8.393129e+17	6.888516e-02	6.881702e-03	5.563801e-04	0.000000e+00	3.981853e-04	
8.529644e+17	6.888516e-02	7.265465e-03	5.597553e-04	0.000000e+00	4.013655e-04	
8.668380e+17	6.888516e-02	7.665056e-03	5.630787e-04	0.000000e+00	4.046351e-04	
8.809372e+17	6.888516e-02	8.080832e-03	5.663737e-04	0.000000e+00	4.079778e-04	
8.952657e+17	6.888516e-02	8.513150e-03	5.695896e-04	0.000000e+00	4.113539e-04	
9.098273e+17	6.888516e-02	8.962352e-03	5.727519e-04	0.000000e+00	4.148087e-04	
9.246257e+17	6.888516e-02	9.428772e-03	5.758603e-04	0.000000e+00	4.183637e-04	
9.396648e+17	6.888516e-02	9.912732e-03	5.789141e-04	0.000000e+00	4.219948e-04	
9.549486e+17	6.888516e-02	1.041456e-02	5.819685e-04	0.000000e+00	4.256725e-04	
9.704809e+17	6.888516e-02	1.093457e-02	5.849068e-04	0.000000e+00	4.294526e-04	
9.862658e+17	6.888516e-02	1.147406e-02	5.877897e-04	0.000000e+00	4.333388e-04	
1.002308e+18	6.888516e-02	1.203040e-02	5.906167e-04	0.000000e+00	4.373305e-04	
1.018610e+18	6.888516e-02	1.260683e-02	5.930937e-04	0.000000e+00	4.414154e-04	
1.035178e+18	6.888516e-02	1.320266e-02	5.961188e-04	0.000000e+00	4.455950e-04	
1.052015e+18	6.888516e-02	1.381815e-02	5.987739e-04	0.000000e+00	4.497920e-04	
1.069126e+18	6.888516e-02	1.445356e-02	6.013715e-04	0.000000e+00	4.541349e-04	
1.086516e+18	6.888516e-02	1.510914e-02	6.039727e-04	0.000000e+00	4.586259e-04	
1.104188e+18	6.888516e-02	1.578512e-02	6.064492e-04	0.000000e+00	4.631899e-04	
1.122148e+18	6.888516e-02	1.648171e-02	6.088680e-04	0.000000e+00	4.678723e-04	
1.140400e+18	6.888516e-02	1.719916e-02	6.112290e-04	0.000000e+00	4.726439e-04	
1.158948e+18	6.888516e-02	1.793767e-02	6.135317e-04	0.000000e+00	4.775180e-04	
1.177799e+18	6.888516e-02	1.869743e-02	6.158002e-04	0.000000e+00	4.825046e-04	
1.196956e+18	6.888516e-02	1.947861e-02	6.179836e-04	0.000000e+00	4.876047e-04	
1.216424e+18	6.888516e-02	2.028138e-02	6.201084e-04	0.000000e+00	4.928153e-04	
1.236210e+18	6.888516e-02	2.110590e-02	6.221745e-04	0.000000e+00	4.981630e-04	
1.256317e+18	6.888516e-02	2.195229e-02	6.242053e-04	0.000000e+00	5.035767e-04	
1.276751e+18	6.888516e-02	2.282070e-02	6.261507e-04	0.000000e+00	5.091306e-04	
1.297517e+18	6.888516e-02	2.371121e-02	6.280373e-04	0.000000e+00	5.148019e-04	
1.318621e+18	6.888516e-02	2.462393e-02	6.298931e-04	0.000000e+00	5.205818e-04	
1.340069e+18	6.888516e-02	2.555894e-02	6.316602e-04	0.000000e+00	5.264993e-04	
1.361865e+18	6.888516e-02	2.651630e-02	6.333863e-04	0.000000e+00	5.325204e-04	
1.384016e+18	6.888516e-02	2.749606e-02	6.350342e-04	0.000000e+00	5.386625e-04	
1.406527e+18	6.888516e-02	2.849826e-02	6.366235e-04	0.000000e+00	5.449267e-04	
1.429405e+18	6.888516e-02	2.952292e-02	6.381540e-04	0.000000e+00	5.513216e-04	
1.452654e+18	6.888516e-02	3.057003e-02	6.396793e-04	0.000000e+00	5.578213e-04	
1.476281e+18	6.888516e-02	3.163960e-02	6.410880e-04	0.000000e+00	5.644540e-04	
1.500293e+18	6.888516e-02	3.273159e-02	6.424389e-04	0.000000e+00	5.711942e-04	
1.524696e+18	6.888516e-02	3.384596e-02	6.437319e-04	0.000000e+00	5.780795e-04	
1.549495e+18	6.888516e-02	3.498266e-02	6.449671e-04	0.000000e+00	5.850842e-04	
1.574698e+18	6.888516e-02	3.614161e-02	6.461646e-04	0.000000e+00	5.922049e-04	
1.600310e+18	6.888516e-02	3.732273e-02	6.472828e-04	0.000000e+00	5.994769e-04	
1.626340e+18	6.888516e-02	3.852590e-02	6.483437e-04	0.000000e+00	6.067776e-04	
1.652792e+18	6.888516e-02	3.975101e-02	6.493476e-04	0.000000e+00	6.143293e-04	
1.679675e+18	6.888516e-02	4.099794e-02	6.503097e-04	0.000000e+00	6.220722e-04	
1.706995e+18	6.888516e-02	4.226655e-02	6.511978e-04	0.000000e+00	6.298699e-04	
1.734759e+18	6.888516e-02	4.355662e-02	6.520525e-04	0.000000e+00	6.378072e-04	
1.762975e+18	6.888516e-02	4.486800e-02	6.528263e-04	0.000000e+00	6.458699e-04	
1.791650e+18	6.888516e-02	4.620054e-02	6.535657e-04	0.000000e+00	6.540842e-04	
1.820792e+18	6.888516e-02	4.755397e-02	6.542278e-04	0.000000e+00	6.624469e-04	
1.850407e+18	6.888516e-02	4.892811e-02	6.548349e-04	0.000000e+00	6.709558e-04	
1.880504e+18	6.888516e-02	5.032272e-02	6.553872e-04	0.000000e+00	6.796173e-04	
1.911091e+18	6.888516e-02	5.173756e-02	6.558851e-04	0.000000e+00	6.884446e-04	
1.942175e+18	6.888516e-02	5.317233e-02	6.563676e-04	0.000000e+00	6.974136e-04	
1.973764e+18	6.888516e-02	5.462677e-02	6.567542e-04	0.000000e+00	7.065658e-04	
2.005868e+18	6.888516e-02	5.610060e-02	6.570876e-04	0.000000e+00	7.158834e-04	
2.038493e+18	6.888516e-02	5.759364e-02	6.573681e-04	0.000000e+00	7.253752e-04	
2.071650e+18	6.888516e-02	5.910531e-02	6.576116e-04	0.000000e+00	7.338280e-04	
2.105345e+18	6.888516e-02	6.063543e-02	6.577861e-04	0.000000e+00	7.449321e-04	
2.139589e+18	6.888516e-02	6.218367e-02	6.579089e-04	0.000000e+00	7.550091e-04	
2.174389e+18	6.888516e-02	6.374966e-02	6.579804e-04	0.000000e+00	7.652801e-04	
2.209756e+18	6.888516e-02	6.533313e-02	6.580010e-04	0.000000e+00	7.757732e-04	
2.245698e+18	6.888516e-02	6.693353e-02	6.579754e-04	0.000000e+00	7.865256e-04	
2.282224e+18	6.888516e-02	6.855058e-02	6.578938e-04	0.000000e+00	7.974673e-04	
2.319345e+18	6.888516e-02	7.018388e-02	6.577774e-04	0.000000e+00	8.086792e-04	
2.357069e+18	6.888516e-02	7.183347e-02	6.575956e-04	0.000000e+00	8.201210e-04	
2.395407e+18	6.888516e-02	7.349802e-02	6.573849e-04	0.000000e+00	8.318510e-04	
2.434369e+18	6.888516e-02	7.517761e-02	6.571057e-04	0.000000e+00	8.438672e-04	
2.473964e+18	6.888516e-02	7.687181e-02	6.567788e-04	0.000000e+00	8.561385e-04	
2.514203e+18	6.888516e-02	7.858016e-02	6.564046e-04	0.000000e+00	8.687147e-04	
2.555097e+18	6.888516e-02	8.030253e-02	6.559854e-04	0.000000e+00	8.815859e-04	
2.596656e+18	6.888516e-02	8.203783e-02	6.555165e-04	0.000000e+00	8.948485e-04	
2.638891e+18	6.888516e-02	8.378594e-02	6.550017e-04	0.000000e+00	9.083930e-04	
2.681813e+18	6.888516e-02	8.554638e-02	6.544530e-04	0.000000e+00	9.220161e-04	
2.725433e+18	6.888516e-02	8.731988e-02	6.538470e-04	0.000000e+00	9.363644e-04	
2.769762e+18	6.888516e-02	8.910346e-02	6.532170e-04	0.000000e+00	9.513595e-04	
2.814812e+18	6.888516e-02	9.089796e-02	6.525223e-04	0.000000e+00	9.664476e-04	
2.860596e+18	6.888516e-02	9.270288e-02	6.517843e-04	0.000000e+00	9.819611e-04	
2.907123e+18	6.888516e-02	9.451772e-02	6.510035e-04	0.000000e+00	9.979623e-04	
2.954408e+18	6.888516e-02	9.634257e-02	6.501767e-04	0.000000e+00	1.014439e-03	
3.002462e+18	6.888516e-02	9.817569e-02	6.493107e-04	0.000000e+00	1.031370e-03	
3.051297e+18	6.888516e-02	1.000172e-01	6.484127e-04	0.000000e+00	1.048921e-03	
3.100927e+18	6.888516e-02	1.018667e-01	6.474638e-04	0.000000e+00	1.066942e-03	
3.151363e+18	6.888516e-02	1.037262e-01	6.464748e-04	0.000000e+00	1.085594e-03	
3.202621e+18	6.888516e-02	1.055896e-01	6.454647e-04	0.000000e+00	1.104847e-03	
3.254712e+18	6.888516e-02	1.074595e-01	6.443966e-04	0.000000e+00	1.124651e-03	
3.307650e+18	6.888516e-02	1.093352e-01	6.432898e-04	0.000000e+00	1.145249e-03	
3.361449e+18	6.888516e-02	1.112162e-01	6.421449e-04	0.000000e+00	1.166538e-03	
3.416123e+18	6.888516e-02	1.131036e-01	6.409556e-04	0.000000e+00	1.188564e-03	
3.471687e+18	6.888516e-02	1.149936e-01	6.397352e-04	0.000000e+00	1.211297e-03	
3.528154e+18	6.888516e-02	1.168873e-01	6.384849e-04	0.000000e+00	1.234849e-03	
3.585540e+18	6.888516e-02	1.187843e-01	6.371915e-04	0.000000e+00	1.259293e-03	
3.643859e+18	6.888516e-02	1.206892e-01	6.358652e-04	0.000000e+00	1.284597e-03	
3.703127e+18	6.888516e-02	1.225906e-01	6.345012e-04	0.000000e+00	1.310835e-03	
3.763358e+18	6.888516e-02	1.244937e-01	6.331029e-04	0.000000e+00	1.338035e-03	
3.824570e+18	6.888516e-02	1.263981e-01	6.316761e-04	0.000000e+00	1.366187e-03	
3.886777e+18	6.888516e-02	1.283031e-01	6.302102e-04	0.000000e+00	1.395448e-03	
3.949995e+18	6.888516e-02	1.302103e-01	6.287133e-04	0.000000e+00	1.425737e-03	
4.014242e+18	6.888516e-02	1.321149e-01	6.271823e-04	0.000000e+00	1.457190e-03	
4.079535e+18	6.888516e-02	1.340185e-01	6.256243e-04	0.000000e+00	1.489811e-03	
4.145888e+18	6.888516e-02	1.359207e-01	6.240301e-04	0.000000e+00	1.523644e-03	
4.213322e+18	6.888516e-02	1.378297e-01	6.224072e-04	0.000000e+00	1.558699e-03	
4.281852e+18	6.888516e-02	1.397268e-01	6.207521e-04	0.000000e+00	1.595119e-03	
4.351497e+18	6.888516e-02	1.416211e-01	6.190716e-04	0.000000e+00	1.633603e-03	
4.422274e+18	6.888516e-02	1.435120e-01	6.173577e-04	0.000000e+00	1.672182e-03	
4.494203e+18	6.888516e-02	1.453991e-01	6.156153e-04	0.000000e+00	1.712889e-03	
4.567301e+18	6.888516e-02	1.472861e-01	6.138461e-04	0.000000e+00	1.755133e-03	
4.641589e+18	6.888516e-02	1.491636e-01	6.120483e-04	0.000000e+00	1.799002e-03	
4.717085e+18	6.888516e-02	1.510358e-01	6.102263e-04	0.000000e+00	1.845652e-03	
4.793808e+18	6.888516e-02	1.529022e-01	6.083749e-04	0.000000e+00	1.891776e-03	
4.871780e+18	6.888516e-02	1.547683e-01	6.064981e-04	0.000000e+00	1.940807e-03	
4.951020e+18	6.888516e-02	1.566272e-01	6.045955e-04	0.000000e+00	1.991813e-03	
5.031549e+18	6.888516e-02	1.584723e-01	6.026680e-04	0.000000e+00	2.042933e-03	
5.113388e+18	6.888516e-02	1.603100e-01	6.007161e-04	0.000000e+00	2.097684e-03	
5.196557e+18	6.888516e-02	1.621447e-01	5.987405e-04	0.000000e+00	2.156207e-03	
5.281080e+18	6.888516e-02	1.639654e-01	5.967414e-04	0.000000e+00	2.215114e-03	
5.366977e+18	6.888516e-02	1.657772e-01	5.947196e-04	0.000000e+00	2.276267e-03	
5.454271e+18	6.888516e-02	1.675796e-01	5.926754e-04	0.000000e+00	2.339652e-03	
5.542986e+18	6.888516e-02	1.693722e-01	5.906093e-04	0.000000e+00	2.405441e-03	
5.633143e+18	6.888516e-02	1.711713e-01	5.885219e-04	0.000000e+00	2.473661e-03	
5.724766e+18	6.888516e-02	1.729417e-01	5.864136e-04	0.000000e+00	2.544410e-03	
5.817880e+18	6.888516e-02	1.747012e-01	5.842849e-04	0.000000e+00	2.617763e-03	
5.912508e+18	6.888516e-02	1.764494e-01	5.821363e-04	0.000000e+00	2.693734e-03	
6.008676e+18	6.888516e-02	1.781939e-01	5.799683e-04	0.000000e+00	2.772508e-03	
6.106408e+18	6.888516e-02	1.799176e-01	5.777813e-04	0.000000e+00	2.854117e-03	
6.205729e+18	6.888516e-02	1.816288e-01	5.755759e-04	0.000000e+00	2.938562e-03	
6.306666e+18	6.888516e-02	1.833272e-01	5.733525e-04	0.000000e+00	3.025974e-03	
6.409244e+18	6.888516e-02	1.850123e-01	5.711116e-04	0.000000e+00	3.116580e-03	
6.513491e+18	6.888516e-02	1.866938e-01	5.688536e-04	0.000000e+00	3.210319e-03	
6.619433e+18	6.888516e-02	1.883506e-01	5.665790e-04	0.000000e+00	3.307234e-03	
6.727099e+18	6.888516e-02	1.900015e-01	5.642882e-04	0.000000e+00	3.407753e-03	
6.836516e+18	6.888516e-02	1.916289e-01	5.619818e-04	0.000000e+00	3.511497e-03	
6.947713e+18	6.888516e-02	1.932478e-01	5.596602e-04	0.000000e+00	3.618720e-03	
7.060718e+18	6.888516e-02	1.948454e-01	5.573237e-04	0.000000e+00	3.729710e-03	
7.175561e+18	6.888516e-02	1.964267e-01	5.549730e-04	0.000000e+00	3.844455e-03	
7.292272e+18	6.888516e-02	1.979921e-01	5.526083e-04	0.000000e+00	3.963112e-03	
7.410882e+18	6.888516e-02	1.995415e-01	5.502301e-04	0.000000e+00	4.085726e-03	
7.531420e+18	6.888516e-02	2.010967e-01	5.478390e-04	0.000000e+00	4.212343e-03	
7.653919e+18	6.888516e-02	2.026110e-01	5.454352e-04	0.000000e+00	4.342981e-03	
7.778411e+18	6.888516e-02	2.041087e-01	5.430193e-04	0.000000e+00	4.477774e-03	
7.904928e+18	6.888516e-02	2.055893e-01	5.405916e-04	0.000000e+00	4.616932e-03	
8.033502e+18	6.888516e-02	2.070626e-01	5.381525e-04	0.000000e+00	4.760377e-03	
8.164168e+18	6.888516e-02	2.085074e-01	5.357026e-04	0.000000e+00	4.908160e-03	
8.296959e+18	6.888516e-02	2.099343e-01	5.332421e-04	0.000000e+00	5.060500e-03	
8.431909e+18	6.888516e-02	2.113432e-01	5.307715e-04	2.477857e-15	5.217502e-03	
8.569055e+18	6.888516e-02	2.127338e-01	5.282911e-04	5.938415e-15	5.379460e-03	
8.708431e+18	6.888516e-02	2.141174e-01	5.258015e-04	1.243580e-14	5.546238e-03	
8.850075e+18	6.888516e-02	2.154697e-01	5.233029e-04	2.411510e-14	5.718017e-03	
8.994022e+18	6.888516e-02	2.168127e-01	5.207958e-04	4.457875e-14	5.894697e-03	
9.140311e+18	6.888516e-02	2.181262e-01	5.182805e-04	7.977995e-14	6.076321e-03	
9.288979e+18	6.888516e-02	2.194285e-01	5.157574e-04	1.394295e-13	6.263012e-03	
9.440065e+18	6.888516e-02	2.207027e-01	5.132269e-04	2.394870e-13	6.454989e-03	
9.593608e+18	6.888516e-02	2.219573e-01	5.106894e-04	4.055109e-13	6.652148e-03	
9.749649e+18	6.888516e-02	2.231921e-01	5.081452e-04	6.784877e-13	6.854674e-03	
9.908228e+18	6.888516e-02	2.244069e-01	5.055946e-04	1.123508e-12	7.062645e-03	
1.006939e+19	6.888516e-02	2.256244e-01	5.030381e-04	1.842583e-12	7.275959e-03	
1.023317e+19	6.888516e-02	2.267969e-01	5.004760e-04	2.996618e-12	7.494788e-03	
1.039961e+19	6.888516e-02	2.279492e-01	4.979086e-04	4.831077e-12	7.719111e-03	
1.056876e+19	6.888516e-02	2.290812e-01	4.953362e-04	7.727656e-12	7.948967e-03	
1.074066e+19	6.888516e-02	2.302023e-01	4.927593e-04	1.226257e-11	8.184952e-03	
1.091536e+19	6.888516e-02	2.312922e-01	4.901782e-04	1.932560e-11	8.426311e-03	
1.109290e+19	6.888516e-02	2.323613e-01	4.875931e-04	3.022055e-11	8.673354e-03	
1.127333e+19	6.888516e-02	2.334096e-01	4.850043e-04	4.693034e-11	8.926192e-03	
1.145669e+19	6.888516e-02	2.344605e-01	4.824123e-04	7.235804e-11	9.184664e-03	
1.164303e+19	6.888516e-02	2.354646e-01	4.798174e-04	1.107603e-10	9.449014e-03	
1.183241e+19	6.888516e-02	2.364479e-01	4.772197e-04	1.684233e-10	9.719002e-03	
1.202486e+19	6.888516e-02	2.374100e-01	4.746198e-04	2.544097e-10	9.994011e-03	
1.222045e+19	6.888516e-02	2.383511e-01	4.720177e-04	3.818188e-10	1.027516e-02	
1.241921e+19	6.888516e-02	2.392780e-01	4.694139e-04	5.692115e-10	1.056261e-02	
1.262121e+19	6.888516e-02	2.401758e-01	4.668087e-04	8.431851e-10	1.084991e-02	
1.282650e+19	6.888516e-02	2.410522e-01	4.642023e-04	1.241461e-09	1.114934e-02	
1.303512e+19	6.888516e-02	2.419072e-01	4.615950e-04	1.816470e-09	1.145510e-02	
1.324714e+19	6.888516e-02	2.427621e-01	4.589870e-04	2.641765e-09	1.177041e-02	
1.346261e+19	6.888516e-02	2.435722e-01	4.563788e-04	3.818952e-09	1.208612e-02	
1.368158e+19	6.888516e-02	2.443610e-01	4.537705e-04	5.488699e-09	1.240737e-02	
1.390411e+19	6.888516e-02	2.451284e-01	4.511624e-04	7.842157e-09	1.273435e-02	
1.413026e+19	6.888516e-02	2.458743e-01	4.485547e-04	1.114361e-08	1.306670e-02	
1.436009e+19	6.888516e-02	2.466069e-01	4.459478e-04	1.574403e-08	1.340450e-02	
1.459366e+19	6.888516e-02	2.473091e-01	4.433419e-04	2.212152e-08	1.374737e-02	
1.483103e+19	6.888516e-02	2.479899e-01	4.407372e-04	3.092050e-08	1.409554e-02	
1.507225e+19	6.888516e-02	2.486492e-01	4.381340e-04	4.298030e-08	1.444889e-02	
1.531740e+19	6.888516e-02	2.493058e-01	4.355326e-04	5.943285e-08	1.480713e-02	
1.556654e+19	6.888516e-02	2.499205e-01	4.329331e-04	8.176017e-08	1.516983e-02	
1.581973e+19	6.888516e-02	2.505140e-01	4.303357e-04	1.119311e-07	1.553718e-02	
1.607704e+19	6.888516e-02	2.510862e-01	4.277409e-04	1.527567e-07	1.590862e-02	
1.633854e+19	6.888516e-02	2.516372e-01	4.251486e-04	2.065848e-07	1.628431e-02	
1.660429e+19	6.888516e-02	2.521724e-01	4.225593e-04	2.786196e-07	1.666554e-02	
1.687436e+19	6.888516e-02	2.526805e-01	4.199730e-04	3.739830e-07	1.705085e-02	
1.714882e+19	6.888516e-02	2.531674e-01	4.173901e-04	4.997563e-07	1.744300e-02	
1.742775e+19	6.888516e-02	2.536332e-01	4.148107e-04	6.646138e-07	1.783729e-02	
1.771121e+19	6.888516e-02	2.540940e-01	4.122350e-04	8.800871e-07	1.823502e-02	
1.799929e+19	6.888516e-02	2.545163e-01	4.096632e-04	1.159925e-06	1.863573e-02	
1.829205e+19	6.888516e-02	2.549179e-01	4.070956e-04	1.521676e-06	1.904014e-02	
1.858957e+19	6.888516e-02	2.552987e-01	4.045323e-04	1.987369e-06	1.944781e-02	
1.889193e+19	6.888516e-02	2.556589e-01	4.019735e-04	2.585730e-06	1.985861e-02	
1.919921e+19	6.888516e-02	2.560043e-01	3.994195e-04	3.351937e-06	2.027242e-02	
1.951148e+19	6.888516e-02	2.563228e-01	3.968703e-04	4.324941e-06	2.068852e-02	
1.982884e+19	6.888516e-02	2.566209e-01	3.943262e-04	5.557934e-06	2.110666e-02	
2.015136e+19	6.888516e-02	2.568986e-01	3.917874e-04	7.114014e-06	2.152682e-02	
2.047912e+19	6.888516e-02	2.571696e-01	3.892540e-04	9.070228e-06	2.194972e-02	
2.081222e+19	6.888516e-02	2.574057e-01	3.867261e-04	1.151986e-05	2.237452e-02	
2.115073e+19	6.888516e-02	2.576220e-01	3.842041e-04	1.457562e-05	2.280123e-02	
2.149475e+19	6.888516e-02	2.578184e-01	3.816880e-04	1.837710e-05	2.322961e-02	
2.184436e+19	6.888516e-02	2.579950e-01	3.791780e-04	2.308125e-05	2.365811e-02	
2.219966e+19	6.888516e-02	2.581559e-01	3.766742e-04	2.888516e-05	2.408815e-02	
2.256074e+19	6.888516e-02	2.582931e-01	3.741768e-04	3.602029e-05	2.451864e-02	
2.292769e+19	6.888516e-02	2.584108e-01	3.716860e-04	4.476114e-05	2.494977e-02	
2.330061e+19	6.888516e-02	2.585093e-01	3.692019e-04	5.543339e-05	2.538186e-02	
2.367960e+19	6.888516e-02	2.585996e-01	3.667246e-04	6.841895e-05	2.581319e-02	
2.406475e+19	6.888516e-02	2.586589e-01	3.642543e-04	8.416618e-05	2.624440e-02	
2.445617e+19	6.888516e-02	2.586994e-01	3.617911e-04	1.031993e-04	2.667511e-02	
2.485395e+19	6.888516e-02	2.587212e-01	3.593352e-04	1.261309e-04	2.710523e-02	
2.525820e+19	6.888516e-02	2.587245e-01	3.568867e-04	1.536985e-04	2.753436e-02	
2.566903e+19	6.888516e-02	2.587133e-01	3.544457e-04	1.866840e-04	2.796244e-02	
2.608654e+19	6.888516e-02	2.586795e-01	3.520123e-04	2.260568e-04	2.838384e-02	
2.651084e+19	6.888516e-02	2.586276e-01	3.495867e-04	2.729127e-04	2.880923e-02	
2.694204e+19	6.888516e-02	2.585577e-01	3.471690e-04	3.285090e-04	2.923157e-02	
2.738025e+19	6.888516e-02	2.584789e-01	3.447593e-04	3.942820e-04	2.965363e-02	
2.782559e+19	6.888516e-02	2.583727e-01	3.423577e-04	4.716804e-04	3.007639e-02	
2.827818e+19	6.888516e-02	2.582491e-01	3.399644e-04	5.631475e-04	3.049418e-02	
2.873813e+19	6.888516e-02	2.581082e-01	3.375793e-04	6.702382e-04	3.090834e-02	
2.920556e+19	6.888516e-02	2.579529e-01	3.352027e-04	7.955337e-04	3.131917e-02	
2.968059e+19	6.888516e-02	2.577776e-01	3.328347e-04	9.417370e-04	3.172705e-02	
3.016334e+19	6.888516e-02	2.575855e-01	3.304753e-04	1.112031e-03	3.213228e-02	
3.065395e+19	6.888516e-02	2.573767e-01	3.281246e-04	1.309591e-03	3.253342e-02	
3.115254e+19	6.888516e-02	2.571514e-01	3.257828e-04	1.538336e-03	3.293165e-02	
3.165924e+19	6.888516e-02	2.569169e-01	3.234499e-04	1.802532e-03	3.332543e-02	
3.217418e+19	6.888516e-02	2.566584e-01	3.211260e-04	2.106938e-03	3.371526e-02	
3.269750e+19	6.888516e-02	2.563841e-01	3.188112e-04	2.457145e-03	3.410205e-02	
3.322933e+19	6.888516e-02	2.560939e-01	3.165056e-04	2.858480e-03	3.448363e-02	
3.376980e+19	6.888516e-02	2.557910e-01	3.142092e-04	3.317645e-03	3.486139e-02	
3.431907e+19	6.888516e-02	2.554695e-01	3.119223e-04	3.841781e-03	3.523529e-02	
3.487727e+19	6.888516e-02	2.551329e-01	3.096447e-04	4.438739e-03	3.560486e-02	
3.544456e+19	6.888516e-02	2.547811e-01	3.073766e-04	5.117139e-03	3.596657e-02	
3.602107e+19	6.888516e-02	2.544145e-01	3.051181e-04	5.886417e-03	3.632564e-02	
3.660695e+19	6.888516e-02	2.540387e-01	3.028693e-04	6.756936e-03	3.668788e-02	
3.720237e+19	6.888516e-02	2.536423e-01	3.006302e-04	7.739094e-03	3.703083e-02	
3.780747e+19	6.888516e-02	2.532316e-01	2.984008e-04	8.847039e-03	3.737542e-02	
3.842241e+19	6.888516e-02	2.528067e-01	2.961813e-04	1.009316e-02	3.771442e-02	
3.904735e+19	6.888516e-02	2.523696e-01	2.939716e-04	1.149193e-02	3.804816e-02	
3.968246e+19	6.888516e-02	2.519168e-01	2.917720e-04	1.305902e-02	3.837610e-02	
4.032790e+19	6.888516e-02	2.514504e-01	2.895823e-04	1.481138e-02	3.869885e-02	
4.098384e+19	6.888516e-02	2.509706e-01	2.874027e-04	1.676725e-02	3.901574e-02	
4.165044e+19	6.888516e-02	2.504775e-01	2.852333e-04	1.894605e-02	3.932748e-02	
4.232789e+19	6.888516e-02	2.499758e-01	2.830740e-04	2.136882e-02	3.963384e-02	
4.301636e+19	6.888516e-02	2.494564e-01	2.809249e-04	2.405724e-02	3.993480e-02	
4.371602e+19	6.888516e-02	2.489244e-01	2.787861e-04	2.703703e-02	4.022327e-02	
4.442707e+19	6.888516e-02	2.483799e-01	2.766576e-04	3.033331e-02	4.050899e-02	
4.514968e+19	6.888516e-02	2.478248e-01	2.745394e-04	3.397431e-02	4.079318e-02	
4.588404e+19	6.888516e-02	2.472557e-01	2.724317e-04	3.798863e-02	4.107746e-02	
4.663035e+19	6.888516e-02	2.466747e-01	2.703343e-04	4.240733e-02	4.134711e-02	
4.738880e+19	6.888516e-02	2.460820e-01	2.682475e-04	4.726862e-02	4.161310e-02	
4.815958e+19	6.888516e-02	2.454777e-01	2.661711e-04	5.259855e-02	4.187506e-02	
4.894290e+19	6.888516e-02	2.448655e-01	2.641053e-04	5.843547e-02	4.213160e-02	
4.973896e+19	6.888516e-02	2.442384e-01	2.620501e-04	6.481919e-02	4.238000e-02	
5.054797e+19	6.888516e-02	2.436003e-01	2.600054e-04	7.179107e-02	4.262403e-02	
5.137014e+19	6.888516e-02	2.429513e-01	2.579714e-04	7.939391e-02	4.286215e-02	
5.220568e+19	6.888516e-02	2.422929e-01	2.559480e-04	8.767290e-02	4.309433e-02	
5.305481e+19	6.888516e-02	2.416228e-01	2.539353e-04	9.667481e-02	4.332110e-02	
5.391775e+19	6.888516e-02	2.409425e-01	2.519333e-04	1.064481e-01	4.354241e-02	
5.479472e+19	6.888516e-02	2.402521e-01	2.499420e-04	1.170414e-01	4.375649e-02	
5.568596e+19	6.888516e-02	2.395518e-01	2.479615e-04	1.285125e-01	4.396476e-02	
5.659170e+19	6.888516e-02	2.388445e-01	2.459917e-04	1.409132e-01	4.416032e-02	
5.751217e+19	6.888516e-02	2.381247e-01	2.440327e-04	1.542984e-01	4.436669e-02	
5.844761e+19	6.888516e-02	2.373956e-01	2.420844e-04	1.687297e-01	4.455418e-02	
5.939827e+19	6.888516e-02	2.366574e-01	2.401470e-04	1.846179e-01	4.474231e-02	
6.036439e+19	6.888516e-02	2.359112e-01	2.382204e-04	2.009774e-01	4.491413e-02	
6.134622e+19	6.888516e-02	2.351551e-01	2.363046e-04	2.189214e-01	4.507884e-02	
6.234402e+19	6.888516e-02	2.343903e-01	2.343997e-04	2.381652e-01	4.523706e-02	
6.335805e+19	6.888516e-02	2.336171e-01	2.325056e-04	2.587772e-01	4.537885e-02	
6.438857e+19	6.888516e-02	2.328357e-01	2.306223e-04	2.808271e-01	4.552450e-02	
6.543586e+19	6.888516e-02	2.320481e-01	2.287499e-04	3.043732e-01	4.565030e-02	
6.650018e+19	6.888516e-02	2.312505e-01	2.268884e-04	3.295018e-01	4.577756e-02	
6.758181e+19	6.888516e-02	2.304450e-01	2.250377e-04	3.562831e-01	4.589099e-02	
6.868104e+19	6.888516e-02	2.296320e-01	2.231979e-04	3.847676e-01	4.594363e-02	
6.979814e+19	6.888516e-02	2.288122e-01	2.213689e-04	4.150589e-01	4.609406e-02	
7.093341e+19	6.888516e-02	2.279846e-01	2.195508e-04	4.472137e-01	4.617607e-02	
7.208715e+19	6.888516e-02	2.271498e-01	2.177436e-04	4.813153e-01	4.626938e-02	
7.325965e+19	6.888516e-02	2.263082e-01	2.159472e-04	5.174275e-01	4.634520e-02	
7.445123e+19	6.888516e-02	2.254614e-01	2.141617e-04	5.556407e-01	4.641426e-02	
7.566219e+19	6.888516e-02	2.246064e-01	2.123870e-04	5.960115e-01	4.647168e-02	
7.689284e+19	6.888516e-02	2.237449e-01	2.106231e-04	6.386054e-01	4.653169e-02	
7.814351e+19	6.888516e-02	2.228772e-01	2.088701e-04	6.835131e-01	4.657994e-02	
7.941452e+19	6.888516e-02	2.220033e-01	2.071279e-04	7.307694e-01	4.662146e-02	
8.070620e+19	6.888516e-02	2.211241e-01	2.053965e-04	7.804880e-01	4.665457e-02	
8.201889e+19	6.888516e-02	2.202385e-01	2.036759e-04	8.327271e-01	4.668622e-02	
8.335294e+19	6.888516e-02	2.193475e-01	2.019661e-04	8.874658e-01	4.670635e-02	
8.470868e+19	6.888516e-02	2.184510e-01	2.002671e-04	9.448794e-01	4.672047e-02	
8.608648e+19	6.888516e-02	2.175504e-01	1.985788e-04	1.004998e+00	4.673092e-02	
8.748668e+19	6.888516e-02	2.166431e-01	1.969012e-04	1.067875e+00	4.673277e-02	
8.890966e+19	6.888516e-02	2.157312e-01	1.952344e-04	1.133511e+00	4.672441e-02	
9.035578e+19	6.888516e-02	2.148143e-01	1.935783e-04	1.202007e+00	4.670822e-02	
9.182543e+19	6.888516e-02	2.138925e-01	1.919329e-04	1.272383e+00	4.668890e-02	
9.331898e+19	6.888516e-02	2.129667e-01	1.902982e-04	1.346776e+00	4.665975e-02	
9.483682e+19	6.888516e-02	2.120365e-01	1.886741e-04	1.424967e+00	4.662210e-02	
9.637935e+19	6.888516e-02	2.111018e-01	1.870606e-04	1.505203e+00	4.657550e-02	
9.794697e+19	6.888516e-02	2.101626e-01	1.854578e-04	1.588442e+00	4.651870e-02	
9.954008e+19	6.888516e-02	2.092212e-01	1.838655e-04	1.674744e+00	4.645436e-02	
1.011591e+20	6.888516e-02	2.082745e-01	1.822838e-04	1.764113e+00	4.637714e-02	
1.028045e+20	6.888516e-02	2.073242e-01	1.807127e-04	1.856592e+00	4.629479e-02	
1.044766e+20	6.888516e-02	2.063704e-01	1.791520e-04	1.952215e+00	4.619716e-02	
1.061759e+20	6.888516e-02	2.054127e-01	1.776019e-04	2.050789e+00	4.609224e-02	
1.079029e+20	6.888516e-02	2.044531e-01	1.760622e-04	2.152493e+00	4.597657e-02	
1.096579e+20	6.888516e-02	2.034895e-01	1.745329e-04	2.256746e+00	4.584721e-02	
1.114415e+20	6.888516e-02	2.025230e-01	1.730141e-04	2.364489e+00	4.571013e-02	
1.132541e+20	6.888516e-02	2.015536e-01	1.715057e-04	2.475225e+00	4.556205e-02	
1.150962e+20	6.888516e-02	2.005816e-01	1.700075e-04	2.589805e+00	4.540488e-02	
1.169683e+20	6.888516e-02	1.996075e-01	1.685198e-04	2.706591e+00	4.523776e-02	
1.188708e+20	6.888516e-02	1.986296e-01	1.670423e-04	2.826228e+00	4.506359e-02	
1.208042e+20	6.888516e-02	1.976508e-01	1.655751e-04	2.948859e+00	4.488353e-02	
1.227691e+20	6.888516e-02	1.966691e-01	1.641181e-04	3.074336e+00	4.469850e-02	
1.247660e+20	6.888516e-02	1.956855e-01	1.626713e-04	3.202791e+00	4.451689e-02	
1.267953e+20	6.888516e-02	1.946998e-01	1.612346e-04	3.333836e+00	4.434212e-02	
1.288576e+20	6.888516e-02	1.937122e-01	1.598081e-04	3.467508e+00	4.417778e-02	
1.309535e+20	6.888516e-02	1.927229e-01	1.583918e-04	3.603758e+00	4.402391e-02	
1.330835e+20	6.888516e-02	1.917326e-01	1.569854e-04	3.742600e+00	4.388310e-02	
1.352481e+20	6.888516e-02	1.907402e-01	1.555891e-04	3.883897e+00	4.375804e-02	
1.374479e+20	6.888516e-02	1.897455e-01	1.542028e-04	4.027665e+00	4.364731e-02	
1.396835e+20	6.888516e-02	1.887504e-01	1.528265e-04	4.173618e+00	4.357644e-02	
1.419555e+20	6.888516e-02	1.877543e-01	1.514600e-04	4.321611e+00	4.347622e-02	
1.442644e+20	6.888516e-02	1.867584e-01	1.501035e-04	4.471861e+00	4.341344e-02	
1.466109e+20	6.888516e-02	1.857603e-01	1.487568e-04	4.624228e+00	4.336531e-02	
1.489955e+20	6.888516e-02	1.847614e-01	1.474200e-04	4.778657e+00	4.332938e-02	
1.514189e+20	6.888516e-02	1.837619e-01	1.460929e-04	4.934933e+00	4.330590e-02	
1.538818e+20	6.888516e-02	1.827621e-01	1.447755e-04	5.092765e+00	4.329209e-02	
1.563847e+20	6.888516e-02	1.817601e-01	1.434678e-04	5.252263e+00	4.328305e-02	
1.589283e+20	6.888516e-02	1.807604e-01	1.421698e-04	5.413501e+00	4.328385e-02	
1.615133e+20	6.888516e-02	1.797576e-01	1.408814e-04	5.575824e+00	4.329006e-02	
1.641403e+20	6.888516e-02	1.787576e-01	1.396026e-04	5.739750e+00	4.329987e-02	
1.668101e+20	6.888516e-02	1.777560e-01	1.383333e-04	5.904606e+00	4.331552e-02	
1.695232e+20	6.888516e-02	1.767544e-01	1.370735e-04	6.071094e+00	4.333405e-02	
1.722805e+20	6.888516e-02	1.757529e-01	1.358232e-04	6.237976e+00	4.335519e-02	
1.750827e+20	6.888516e-02	1.747516e-01	1.345823e-04	6.406006e+00	4.337869e-02	
1.779304e+20	6.888516e-02	1.737493e-01	1.333508e-04	6.572396e+00	4.340575e-02	
1.808245e+20	6.888516e-02	1.727503e-01	1.321286e-04	6.742218e+00	4.343680e-02	
1.837656e+20	6.888516e-02	1.717501e-01	1.309157e-04	6.915468e+00	4.345720e-02	
1.867546e+20	6.888516e-02	1.707506e-01	1.297120e-04	7.086169e+00	4.348907e-02	
1.897922e+20	6.888516e-02	1.697499e-01	1.285175e-04	7.257481e+00	4.352981e-02	
1.928792e+20	6.888516e-02	1.687517e-01	1.273322e-04	7.429176e+00	4.356034e-02	
1.960163e+20	6.888516e-02	1.677562e-01	1.261561e-04	7.600934e+00	4.358838e-02	
1.992046e+20	6.888516e-02	1.667597e-01	1.249889e-04	7.772966e+00	4.361157e-02	
2.024447e+20	6.888516e-02	1.657642e-01	1.238309e-04	7.945025e+00	4.363287e-02	
2.057374e+20	6.888516e-02	1.647681e-01	1.226818e-04	8.116730e+00	4.365113e-02	
2.090838e+20	6.888516e-02	1.637768e-01	1.215416e-04	8.288712e+00	4.366540e-02	
2.124845e+20	6.888516e-02	1.627848e-01	1.204104e-04	8.460404e+00	4.367627e-02	
2.159406e+20	6.888516e-02	1.617941e-01	1.192880e-04	8.631811e+00	4.368146e-02	
2.194529e+20	6.888516e-02	1.608048e-01	1.181744e-04	8.802727e+00	4.368624e-02	
2.230223e+20	6.888516e-02	1.598169e-01	1.170696e-04	8.973245e+00	4.368551e-02	
2.266498e+20	6.888516e-02	1.588282e-01	1.159735e-04	9.143104e+00	4.367983e-02	
2.303363e+20	6.888516e-02	1.578434e-01	1.148860e-04	9.312263e+00	4.367336e-02	
2.340827e+20	6.888516e-02	1.568627e-01	1.138072e-04	9.481103e+00	4.366470e-02	
2.378901e+20	6.888516e-02	1.558815e-01	1.127370e-04	9.633560e+00	4.365516e-02	
2.417594e+20	6.888516e-02	1.549020e-01	1.116753e-04	9.816624e+00	4.364170e-02	
2.456916e+20	6.888516e-02	1.539243e-01	1.106222e-04	9.982760e+00	4.362924e-02	
2.496878e+20	6.888516e-02	1.529486e-01	1.095774e-04	1.014872e+01	4.361264e-02	
2.537490e+20	6.888516e-02	1.519749e-01	1.085411e-04	1.031247e+01	4.358929e-02	
2.578763e+20	6.888516e-02	1.510033e-01	1.075131e-04	1.047583e+01	4.357003e-02	
2.620707e+20	6.888516e-02	1.500338e-01	1.064934e-04	1.063828e+01	4.353990e-02	
2.663333e+20	6.888516e-02	1.490664e-01	1.054820e-04	1.079948e+01	4.350660e-02	
2.706652e+20	6.888516e-02	1.481013e-01	1.044788e-04	1.095918e+01	4.346756e-02	
2.750676e+20	6.888516e-02	1.471387e-01	1.034838e-04	1.111814e+01	4.342297e-02	
2.795416e+20	6.888516e-02	1.461755e-01	1.024969e-04	1.127519e+01	4.337669e-02	
2.840884e+20	6.888516e-02	1.452203e-01	1.015181e-04	1.143137e+01	4.332680e-02	
2.887091e+20	6.888516e-02	1.442619e-01	1.005473e-04	1.158605e+01	4.327999e-02	
2.934050e+20	6.888516e-02	1.433089e-01	9.958445e-05	1.173451e+01	4.323923e-02	
2.981772e+20	6.888516e-02	1.423615e-01	9.862957e-05	1.188645e+01	4.320617e-02	
3.030271e+20	6.888516e-02	1.414137e-01	9.768258e-05	1.204357e+01	4.318316e-02	
3.079559e+20	6.888516e-02	1.404656e-01	9.674344e-05	1.219240e+01	4.316915e-02	
3.129648e+20	6.888516e-02	1.395263e-01	9.581210e-05	1.233927e+01	4.316713e-02	
3.180552e+20	6.888516e-02	1.385838e-01	9.488850e-05	1.248432e+01	4.317428e-02	
3.232284e+20	6.888516e-02	1.376470e-01	9.397261e-05	1.262848e+01	4.318654e-02	
3.284857e+20	6.888516e-02	1.367164e-01	9.306438e-05	1.277095e+01	4.319454e-02	
3.338286e+20	6.888516e-02	1.357855e-01	9.216376e-05	1.291186e+01	4.323017e-02	
3.392583e+20	6.888516e-02	1.348576e-01	9.127070e-05	1.305120e+01	4.325542e-02	
3.447764e+20	6.888516e-02	1.339326e-01	9.038516e-05	1.318884e+01	4.328146e-02	
3.503842e+20	6.888516e-02	1.330074e-01	8.950709e-05	1.332445e+01	4.330622e-02	
3.560833e+20	6.888516e-02	1.320920e-01	8.863644e-05	1.345812e+01	4.333198e-02	
3.618750e+20	6.888516e-02	1.311764e-01	8.777318e-05	1.359036e+01	4.335433e-02	
3.677609e+20	6.888516e-02	1.302640e-01	8.691724e-05	1.372114e+01	4.337531e-02	
3.737426e+20	6.888516e-02	1.293547e-01	8.606859e-05	1.385054e+01	4.339437e-02	
3.798215e+20	6.888516e-02	1.284487e-01	8.522717e-05	1.397740e+01	4.341063e-02	
3.859994e+20	6.888516e-02	1.275460e-01	8.439295e-05	1.410170e+01	4.342614e-02	
3.922777e+20	6.888516e-02	1.266466e-01	8.356587e-05	1.422451e+01	4.344230e-02	
3.986581e+20	6.888516e-02	1.257506e-01	8.274589e-05	1.434560e+01	4.346038e-02	
4.051423e+20	6.888516e-02	1.248580e-01	8.193297e-05	1.446501e+01	4.347811e-02	
4.117320e+20	6.888516e-02	1.239688e-01	8.112705e-05	1.458249e+01	4.350440e-02	
4.184289e+20	6.888516e-02	1.230831e-01	8.032810e-05	1.469817e+01	4.353739e-02	
4.252346e+20	6.888516e-02	1.222008e-01	7.953605e-05	1.481177e+01	4.357697e-02	
4.321511e+20	6.888516e-02	1.213220e-01	7.875088e-05	1.492330e+01	4.362000e-02	
4.391801e+20	6.888516e-02	1.204468e-01	7.797253e-05	1.503292e+01	4.366718e-02	
4.463234e+20	6.888516e-02	1.195751e-01	7.720096e-05	1.514061e+01	4.371793e-02	
4.535829e+20	6.888516e-02	1.187071e-01	7.643612e-05	1.524763e+01	4.377154e-02	
4.609604e+20	6.888516e-02	1.178427e-01	7.567797e-05	1.534992e+01	4.382761e-02	
4.684580e+20	6.888516e-02	1.169819e-01	7.492646e-05	1.545170e+01	4.388548e-02	
4.760775e+20	6.888516e-02	1.161249e-01	7.418154e-05	1.555157e+01	4.394472e-02	
4.838210e+20	6.888516e-02	1.152715e-01	7.344318e-05	1.564948e+01	4.400476e-02	
4.916904e+20	6.888516e-02	1.144219e-01	7.271132e-05	1.574542e+01	4.406591e-02	
4.996877e+20	6.888516e-02	1.135676e-01	7.198592e-05	1.583996e+01	4.412682e-02	
5.078152e+20	6.888516e-02	1.127338e-01	7.126694e-05	1.593151e+01	4.418772e-02	
5.160749e+20	6.888516e-02	1.118955e-01	7.055433e-05	1.602093e+01	4.424845e-02	
5.244689e+20	6.888516e-02	1.110609e-01	6.984804e-05	1.610883e+01	4.430877e-02	
5.329994e+20	6.888516e-02	1.102302e-01	6.914804e-05	1.619506e+01	4.436842e-02	
5.416687e+20	6.888516e-02	1.094034e-01	6.845427e-05	1.628023e+01	4.441469e-02	
5.504790e+20	6.888516e-02	1.085804e-01	6.776670e-05	1.636353e+01	4.447342e-02	
5.594326e+20	6.888516e-02	1.077613e-01	6.708528e-05	1.644345e+01	4.453156e-02	
5.685318e+20	6.888516e-02	1.069461e-01	6.640996e-05	1.651985e+01	4.458903e-02	
5.777790e+20	6.888516e-02	1.061348e-01	6.574071e-05	1.659628e+01	4.464602e-02	
5.871766e+20	6.888516e-02	1.053187e-01	6.507748e-05	1.667055e+01	4.470262e-02	
5.967271e+20	6.888516e-02	1.045240e-01	6.442021e-05	1.672991e+01	4.475905e-02	
6.064329e+20	6.888516e-02	1.037245e-01	6.376889e-05	1.681332e+01	4.481535e-02	
6.162966e+20	6.888516e-02	1.029291e-01	6.312344e-05	1.688176e+01	4.486487e-02	
6.263207e+20	6.888516e-02	1.021376e-01	6.248385e-05	1.694840e+01	4.492156e-02	
6.365079e+20	6.888516e-02	1.013412e-01	6.185006e-05	1.701329e+01	4.496981e-02	
6.468608e+20	6.888516e-02	1.005666e-01	6.122202e-05	1.707674e+01	4.502712e-02	
6.573820e+20	6.888516e-02	9.978710e-02	6.059971e-05	1.713849e+01	4.508449e-02	
6.680744e+20	6.888516e-02	9.901166e-02	5.998307e-05	1.719935e+01	4.514206e-02	
6.789407e+20	6.888516e-02	9.824025e-02	5.937206e-05	1.725708e+01	4.519957e-02	
6.899837e+20	6.888516e-02	9.747289e-02	5.876664e-05	1.731251e+01	4.525708e-02	
7.012064e+20	6.888516e-02	9.670959e-02	5.816677e-05	1.736615e+01	4.530413e-02	
7.126115e+20	6.888516e-02	9.595035e-02	5.757241e-05	1.741869e+01	4.536141e-02	
7.242022e+20	6.888516e-02	9.519518e-02	5.698351e-05	1.746907e+01	4.541835e-02	
7.359814e+20	6.888516e-02	9.443500e-02	5.640004e-05	1.751782e+01	4.547480e-02	
7.479523e+20	6.888516e-02	9.369707e-02	5.582195e-05	1.756502e+01	4.553075e-02	
7.601178e+20	6.888516e-02	9.294502e-02	5.524921e-05	1.761093e+01	4.559210e-02	
7.724811e+20	6.888516e-02	9.220617e-02	5.468176e-05	1.765519e+01	4.562954e-02	
7.850456e+20	6.888516e-02	9.148058e-02	5.411958e-05	1.769806e+01	4.568647e-02	
7.978145e+20	6.888516e-02	9.074994e-02	5.356261e-05	1.773971e+01	4.573978e-02	
8.107910e+20	6.888516e-02	9.002341e-02	5.301083e-05	1.778027e+01	4.578884e-02	
8.239786e+20	6.888516e-02	8.930098e-02	5.246419e-05	1.781981e+01	4.584052e-02	
8.373807e+20	6.888516e-02	8.858266e-02	5.192264e-05	1.785714e+01	4.589126e-02	
8.510007e+20	6.888516e-02	8.786845e-02	5.138616e-05	1.789244e+01	4.594110e-02	
8.648423e+20	6.888516e-02	8.715835e-02	5.085470e-05	1.792678e+01	4.598081e-02	
8.789091e+20	6.888516e-02	8.645236e-02	5.032821e-05	1.795923e+01	4.602894e-02	
8.932046e+20	6.888516e-02	8.575049e-02	4.980667e-05	1.799101e+01	4.607614e-02	
9.077327e+20	6.888516e-02	8.504344e-02	4.929004e-05	1.802143e+01	4.611599e-02	
9.224970e+20	6.888516e-02	8.434978e-02	4.877827e-05	1.805041e+01	4.616135e-02	
9.375015e+20	6.888516e-02	8.366953e-02	4.827132e-05	1.807833e+01	4.621480e-02	
9.527500e+20	6.888516e-02	8.298410e-02	4.776917e-05	1.810497e+01	4.624153e-02	
9.682466e+20	6.888516e-02	8.230277e-02	4.727176e-05	1.813076e+01	4.628550e-02	
9.839952e+20	6.888516e-02	8.162555e-02	4.677906e-05	1.815552e+01	4.632699e-02	
1.000000e+21	6.888516e-02	8.095243e-02	4.629104e-05	1.817964e+01	4.636182e-02	
